0	5467	9905	4	4
0	5468	9900	3	6
0	5469	9893	3	7
0	5471	9884	3	9
0	5473	9873	3	11
0	5476	9860	3	13
0	5479	9846	3	15
0	5483	9829	3	18
0	5487	9810	3	19
0	5491	9791	3	19
0	5495	9771	3	19
0	5499	9752	3	19
0	5503	9732	3	19
0	5507	9712	3	19
0	5511	9693	3	19
0	5516	9673	3	19
0	5520	9654	3	19
0	5524	9634	3	19
0	5528	9617	3	15
0	5530	9603	3	12
0	5532	9593	3	9
0	5533	9585	3	6
0	5534	9581	3	3
0	5534	9578	3	0
0	5534	9578	3	0
0	5534	9578	3	0
0	5534	9578	3	0
0	5534	9578	3	0
0	5534	9578	3	0
0	5534	9578	3	0
0	5534	9578	3	0
0	5534	9578	3	0
0	5534	9578	3	0
0	5534	9578	3	0
0	5534	9578	3	0
0	5534	9578	3	0
0	5534	9578	3	0
0	5534	9578	3	0
0	5534	9578	3	0
0	5534	9578	3	0
0	5534	9578	3	0
0	5534	9578	3	0
0	5534	9578	3	0
0	5534	9578	3	0
0	5534	9576	3	2
0	5535	9572	3	4
0	5535	9566	3	6
0	5536	9558	3	8
0	5537	9549	3	10
0	5538	9537	3	12
0	5539	9524	3	14
0	5540	9509	3	16
0	5542	9491	3	18
0	5543	9472	3	19
0	5545	9453	3	19
0	5547	9433	3	19
0	5550	9413	3	19
0	5554	9393	3	19
0	5561	9375	2	19
0	5573	9359	2	19
0	5586	9344	2	19
0	5600	9329	2	19
0	5613	9314	2	19
0	5626	9299	2	19
0	5639	9284	2	19
0	5653	9270	2	19
0	5666	9255	2	19
0	5679	9240	2	19
0	5693	9225	2	19
0	5706	9210	2	19
0	5716	9193	2	19
0	5726	9175	2	19
0	5734	9157	2	19
0	5741	9139	3	19
0	5748	9120	3	19
0	5756	9101	3	19
0	5763	9083	3	19
0	5771	9064	3	19
0	5778	9046	3	19
0	5784	9027	3	19
0	5791	9008	2	19
0	5799	8990	2	19
0	5807	8971	2	19
0	5814	8953	2	19
0	5822	8935	2	19
0	5830	8916	2	19
0	5837	8898	2	19
0	5845	8879	2	19
0	5851	8860	3	19
0	5854	8840	3	19
0	5857	8821	3	19
0	5861	8801	3	19
0	5863	8784	3	15
0	5866	8771	3	12
0	5867	8761	3	8
0	5869	8754	3	5
0	5870	8749	3	3
0	5870	8747	3	0
0	5870	8747	3	0
0	5870	8747	3	0
0	5870	8747	3	0
0	5870	8747	3	0
0	5870	8747	3	0
0	5870	8747	3	0
0	5870	8747	3	0
0	5870	8747	3	0
0	5870	8747	3	0
0	5870	8747	3	0
0	5870	8747	3	0
0	5870	8747	3	0
0	5870	8747	3	0
0	5870	8747	3	0
0	5870	8747	3	0
0	5870	8747	3	0
0	5870	8747	3	0
0	5870	8747	3	0
0	5870	8747	3	0
0	5870	8747	3	0
0	5871	8745	3	3
0	5871	8741	3	4
0	5872	8735	3	7
0	5874	8727	3	8
0	5876	8717	3	10
0	5878	8706	3	12
0	5880	8692	3	14
0	5883	8676	3	16
0	5886	8659	3	18
0	5890	8640	3	19
0	5893	8620	3	19
0	5897	8600	3	19
0	5901	8581	3	19
0	5904	8561	3	19
0	5908	8541	3	19
0	5911	8522	3	19
0	5915	8502	3	19
0	5918	8482	3	20
0	5921	8463	3	19
0	5924	8443	3	19
0	5928	8423	3	19
0	5931	8404	3	19
0	5934	8384	3	19
0	5936	8364	3	19
0	5936	8344	3	19
0	5934	8324	3	19
0	5931	8305	3	19
0	5926	8285	3	19
0	5916	8268	4	19
0	5905	8253	4	16
0	5894	8244	4	13
0	5884	8240	4	9
0	5877	8236	4	6
0	5872	8234	4	4
0	5868	8232	4	4
0	5864	8230	4	7
0	5865	8222	3	9
0	5863	8210	3	11
0	5856	8199	4	13
0	5843	8190	4	15
0	5836	8178	3	16
0	5835	8161	3	16
0	5834	8145	3	16
0	5834	8128	3	16
0	5834	8112	3	16
0	5835	8096	3	16
0	5838	8079	3	16
0	5844	8064	3	16
0	5852	8050	2	16
0	5863	8038	2	16
0	5874	8028	2	13
0	5882	8020	2	10
0	5888	8014	2	6
0	5892	8010	2	4
0	5894	8007	2	2
0	5894	8007	2	0
0	5894	8007	2	0
0	5894	8007	2	0
0	5894	8007	2	0
0	5894	8007	2	0
0	5894	8007	2	0
0	5894	8007	2	0
0	5894	8007	2	0
0	5894	8007	2	0
0	5894	8007	2	0
0	5894	8007	2	0
0	5894	8007	2	0
0	5894	8007	2	0
0	5894	8007	2	0
0	5894	8007	2	0
0	5894	8007	2	0
0	5894	8007	2	0
0	5894	8007	2	0
0	5894	8007	2	0
0	5894	8007	2	0
0	5895	8006	2	2
0	5897	8004	2	4
0	5901	8000	2	6
0	5905	7994	2	8
0	5911	7987	2	9
0	5918	7979	2	11
0	5926	7969	2	13
0	5935	7957	2	15
0	5944	7944	2	16
0	5954	7931	2	16
0	5963	7916	2	16
0	5971	7902	2	16
0	5980	7888	2	16
0	5989	7874	2	16
0	5997	7859	2	16
0	6005	7844	2	16
0	6012	7829	2	16
0	6020	7815	2	16
0	6026	7799	3	16
0	6032	7784	3	16
0	6038	7768	3	16
0	6044	7752	3	16
0	6049	7737	3	16
0	6053	7721	3	16
0	6058	7705	3	16
0	6063	7689	3	16
0	6066	7672	3	16
0	6068	7656	3	16
0	6071	7639	3	16
0	6074	7623	3	16
0	6076	7607	3	15
0	6078	7594	3	11
0	6080	7584	3	8
0	6081	7577	3	5
0	6082	7572	3	3
0	6082	7570	3	1
0	6082	7569	3	0
0	6082	7568	3	0
0	6082	7568	3	0
0	6082	7568	3	0
0	6082	7568	3	0
0	6082	7568	3	0
0	6082	7568	3	0
0	6082	7568	3	0
0	6082	7568	3	0
0	6082	7568	3	0
0	6082	7568	3	0
0	6082	7568	3	0
0	6082	7568	3	0
0	6082	7568	3	0
0	6082	7568	3	0
0	6082	7568	3	0
0	6082	7568	3	0
0	6082	7568	3	0
0	6082	7568	3	0
0	6082	7568	3	0
0	6082	7568	3	0
0	6082	7568	3	0
0	6082	7568	3	0
0	6082	7568	3	0
0	6083	7566	3	2
0	6083	7563	3	4
0	6084	7558	3	6
0	6085	7550	3	8
0	6086	7541	3	10
0	6088	7530	3	12
0	6090	7517	3	14
0	6092	7502	3	16
0	6094	7485	3	15
0	6096	7472	3	11
0	6098	7462	3	8
0	6099	7455	3	5
0	6100	7451	3	3
0	6100	7449	3	0
0	6100	7449	3	0
0	6100	7449	3	0
0	6100	7449	3	0
0	6100	7449	3	0
0	6100	7449	3	0
0	6100	7449	3	0
0	6100	7449	3	0
0	6100	7449	3	0
0	6100	7449	3	0
0	6100	7449	3	0
0	6100	7449	3	0
0	6100	7449	3	0
0	6100	7449	3	0
0	6100	7449	3	0
0	6100	7449	3	0
0	6100	7449	3	0
0	6100	7449	3	0
0	6100	7449	3	0
0	6100	7449	3	0
0	6100	7449	3	1
0	6100	7446	3	3
0	6101	7442	3	5
0	6102	7436	3	7
0	6103	7428	3	8
0	6105	7418	3	10
0	6106	7406	3	12
0	6108	7392	3	14
0	6111	7376	3	16
0	6113	7360	3	16
0	6115	7343	3	16
0	6118	7327	3	16
0	6120	7311	3	16
0	6122	7294	3	16
0	6125	7278	3	16
0	6127	7261	3	16
0	6130	7246	3	16
0	6142	7243	8	16
0	6159	7239	8	16
0	6174	7230	2	16
0	6187	7219	2	16
0	6196	7204	2	16
0	6202	7188	3	16
0	6203	7170	3	16
0	6200	7153	3	16
0	6192	7138	4	16
0	6181	7125	4	16
0	6169	7112	4	16
0	6171	7095	3	16
0	6172	7078	3	16
0	6174	7061	3	16
0	6175	7045	3	16
0	6176	7028	3	16
0	6178	7012	3	16
0	6179	6995	3	16
0	6180	6979	3	16
0	6181	6962	3	16
0	6183	6945	3	16
0	6184	6929	3	16
0	6185	6913	3	15
0	6186	6899	3	11
0	6187	6889	3	8
0	6187	6882	3	5
0	6188	6877	3	3
0	6188	6875	3	1
0	6188	6874	3	0
0	6188	6873	3	0
0	6188	6873	3	0
0	6188	6873	3	0
0	6188	6873	3	0
0	6188	6873	3	0
0	6188	6873	3	0
0	6188	6873	3	0
0	6188	6873	3	0
0	6188	6873	3	0
0	6188	6873	3	0
0	6188	6873	3	0
0	6188	6871	3	2
0	6188	6868	3	4
0	6189	6863	3	6
0	6190	6856	3	8
0	6191	6847	3	10
0	6192	6836	3	11
0	6194	6823	3	13
0	6196	6808	3	15
0	6198	6791	3	15
0	6200	6778	3	11
0	6202	6768	3	8
0	6203	6761	3	5
0	6203	6756	3	3
0	6204	6754	3	0
0	6204	6754	3	0
0	6204	6754	3	0
0	6204	6754	3	0
0	6204	6754	3	0
0	6204	6754	3	0
0	6204	6754	3	0
0	6204	6754	3	0
0	6204	6754	3	0
0	6204	6754	3	0
0	6204	6754	3	0
0	6204	6754	3	0
0	6204	6754	3	0
0	6204	6754	3	0
0	6204	6754	3	0
0	6204	6754	3	0
0	6204	6754	3	0
0	6204	6754	3	0
0	6204	6754	3	0
0	6204	6754	3	0
0	6204	6754	3	0
0	6204	6752	3	2
0	6204	6748	3	5
0	6205	6742	3	6
0	6207	6734	3	9
0	6208	6724	3	10
0	6210	6712	3	12
0	6212	6698	3	14
0	6214	6683	3	16
0	6217	6666	3	16
0	6219	6650	3	16
0	6222	6633	3	16
0	6224	6617	3	16
0	6226	6600	3	16
0	6229	6584	3	16
0	6231	6568	3	16
0	6234	6551	3	16
0	6236	6535	3	16
0	6238	6518	3	16
0	6241	6502	3	16
0	6243	6486	3	15
0	6245	6473	3	11
0	6247	6463	3	8
0	6249	6456	3	5
0	6249	6452	3	3
0	6250	6450	3	0
0	6250	6450	3	0
0	6250	6450	3	0
0	6250	6450	3	0
0	6250	6450	3	0
0	6250	6450	3	0
0	6250	6450	3	0
0	6250	6450	3	0
0	6250	6450	3	0
0	6250	6450	3	0
0	6250	6450	3	0
0	6250	6450	3	0
0	6250	6450	3	0
0	6250	6450	3	0
0	6250	6450	3	0
0	6250	6450	3	0
0	6250	6450	3	0
0	6250	6450	3	0
0	6250	6450	3	0
0	6250	6450	3	0
0	6250	6450	3	1
0	6250	6447	3	3
0	6251	6443	3	5
0	6252	6436	3	7
0	6253	6428	3	9
0	6255	6418	3	11
0	6257	6407	3	10
0	6258	6398	3	7
0	6259	6392	3	5
0	6260	6388	3	2
0	6260	6386	3	1
0	6261	6385	3	0
0	6261	6385	3	0
0	6261	6384	3	0
0	6261	6384	3	0
0	6261	6384	3	0
0	6261	6384	3	0
0	6261	6384	3	0
0	6261	6384	3	0
0	6261	6384	3	0
0	6261	6384	3	0
0	6261	6384	3	0
0	6261	6384	3	0
0	6261	6384	3	0
0	6261	6384	3	0
0	6261	6384	3	0
0	6261	6384	3	0
0	6261	6384	3	0
0	6261	6384	3	0
0	6261	6384	3	0
0	6261	6384	3	0
0	6261	6384	3	0
0	6261	6384	3	0
0	6261	6384	3	0
0	6261	6384	3	0
0	6261	6384	3	0
0	6261	6384	3	0
0	6261	6384	3	0
0	6261	6384	3	0
0	6261	6384	3	0
0	6261	6384	3	0
0	6261	6384	3	0
0	6261	6383	3	2
0	6261	6379	3	4
0	6262	6374	3	6
0	6264	6367	3	8
0	6265	6358	3	10
0	6267	6347	3	12
0	6269	6334	3	13
0	6271	6319	3	15
0	6273	6303	3	16
0	6276	6286	3	16
0	6278	6270	3	16
0	6281	6253	3	16
0	6283	6237	3	16
0	6286	6220	3	16
0	6288	6204	3	16
0	6302	6202	8	16
0	6318	6207	8	16
0	6334	6212	8	16
0	6350	6217	8	16
0	6366	6223	8	16
0	6381	6229	8	16
0	6397	6234	8	16
0	6412	6240	8	16
0	6428	6245	8	16
0	6444	6251	8	16
0	6459	6256	8	16
0	6475	6262	8	16
0	6491	6267	8	16
0	6506	6272	8	16
0	6521	6277	8	14
0	6533	6282	8	10
0	6542	6285	8	7
0	6548	6287	8	5
0	6551	6288	8	2
0	6552	6288	8	0
0	6552	6288	8	0
0	6552	6288	8	0
0	6552	6288	8	0
0	6552	6288	8	0
0	6552	6288	8	0
0	6552	6288	8	0
0	6552	6288	8	0
0	6552	6288	8	0
0	6552	6288	8	0
0	6552	6288	8	0
0	6552	6288	8	0
0	6552	6288	8	0
0	6552	6288	8	0
0	6552	6288	8	0
0	6552	6288	8	0
0	6552	6288	8	0
0	6552	6288	8	0
0	6552	6288	8	0
0	6552	6288	8	0
0	6553	6289	8	1
0	6556	6290	8	3
0	6560	6291	8	5
0	6567	6293	8	7
0	6575	6296	8	9
0	6585	6300	8	11
0	6597	6304	8	13
0	6611	6309	8	15
0	6627	6314	8	16
0	6643	6319	8	16
0	6658	6325	8	16
0	6674	6330	8	16
0	6690	6335	8	16
0	6705	6341	8	16
0	6721	6346	8	16
0	6737	6352	8	16
0	6752	6357	8	16
0	6768	6363	8	16
0	6784	6368	8	16
0	6799	6373	8	16
0	6815	6379	8	16
0	6831	6384	8	16
0	6846	6390	8	16
0	6862	6395	8	16
0	6877	6401	8	14
0	6889	6405	8	11
0	6898	6408	8	8
0	6904	6410	8	5
0	6908	6411	8	3
0	6909	6412	8	0
0	6909	6412	8	0
0	6909	6412	8	0
0	6909	6412	8	0
0	6909	6412	8	0
0	6909	6412	8	0
0	6909	6412	8	0
0	6909	6412	8	0
0	6909	6412	8	0
0	6909	6412	8	0
0	6909	6412	8	0
0	6909	6412	8	0
0	6909	6412	8	0
0	6909	6412	8	0
0	6909	6412	8	0
0	6909	6412	8	0
0	6909	6412	8	0
0	6909	6412	8	0
0	6909	6412	8	0
0	6909	6412	8	0
0	6911	6409	8	1
0	6914	6410	8	3
0	6918	6411	8	5
0	6925	6413	8	7
0	6933	6415	8	9
0	6941	6418	8	6
0	6946	6419	8	4
0	6950	6419	8	5
0	6955	6416	8	7
0	6959	6408	2	9
0	6962	6399	3	11
0	6966	6387	3	13
0	6970	6374	3	15
0	6975	6358	3	16
0	6980	6342	3	16
0	6985	6327	3	16
0	6991	6311	3	16
0	6996	6295	3	16
0	7001	6279	3	16
0	7009	6267	2	16
0	7025	6263	8	16
0	7042	6260	8	16
0	7058	6258	8	16
0	7074	6256	8	16
0	7091	6254	8	16
0	7107	6252	8	16
0	7124	6250	8	16
0	7145	6247	8	16
0	7160	6239	2	16
0	7174	6231	2	16
0	7189	6223	2	16
0	7203	6214	2	16
0	7217	6206	2	16
0	7232	6197	2	16
0	7245	6188	2	16
0	7257	6177	2	16
0	7269	6165	2	16
0	7280	6152	2	15
0	7287	6141	2	11
0	7292	6132	2	8
0	7295	6126	2	5
0	7297	6122	2	3
0	7297	6120	2	0
0	7297	6120	2	0
0	7297	6120	2	0
0	7297	6120	2	0
0	7297	6120	2	0
0	7297	6120	2	0
0	7297	6120	2	0
0	7297	6120	2	0
0	7297	6120	2	0
0	7297	6120	2	0
0	7297	6120	2	0
0	7297	6120	2	0
0	7297	6120	2	0
0	7297	6120	2	0
0	7297	6120	2	0
0	7297	6120	2	0
0	7297	6120	2	0
0	7297	6120	2	0
0	7297	6120	2	0
0	7297	6120	2	0
0	7297	6120	2	1
0	7298	6118	3	3
0	7299	6113	3	5
0	7300	6107	3	7
0	7301	6099	3	9
0	7302	6089	3	10
0	7301	6077	3	12
0	7299	6064	3	14
0	7297	6048	3	16
0	7290	6032	4	16
0	7284	6018	4	14
0	7279	6007	4	10
0	7275	5999	4	7
0	7273	5993	4	4
0	7271	5990	4	2
0	7270	5988	4	1
0	7270	5987	4	0
0	7270	5987	4	0
0	7270	5987	4	0
0	7270	5987	4	0
0	7270	5987	4	0
0	7270	5987	4	0
0	7270	5987	4	0
0	7270	5987	4	0
0	7270	5987	4	0
0	7270	5987	4	0
0	7270	5987	4	0
0	7270	5987	4	0
0	7270	5987	4	0
0	7270	5987	4	0
0	7270	5987	4	0
0	7270	5987	4	0
0	7270	5987	4	0
0	7270	5987	4	0
0	7270	5987	4	0
0	7270	5987	4	0
0	7270	5987	4	0
0	7270	5987	4	0
0	7270	5987	4	0
0	7270	5987	4	0
0	7269	5985	4	2
0	7269	5982	3	4
0	7275	5979	2	6
0	7282	5980	8	8
0	7292	5981	8	10
0	7303	5981	8	12
0	7317	5980	8	14
0	7332	5977	8	16
0	7348	5974	8	16
0	7364	5968	8	16
0	7374	5954	2	16
0	7380	5938	3	16
0	7389	5924	3	16
0	7394	5908	3	16
0	7400	5893	3	15
0	7406	5880	3	12
0	7410	5870	3	9
0	7413	5862	3	7
0	7415	5857	3	4
0	7416	5853	3	2
0	7417	5852	3	1
0	7417	5851	3	0
0	7417	5851	3	0
0	7417	5851	3	0
0	7417	5851	3	0
0	7417	5851	3	0
0	7417	5851	3	0
0	7417	5851	3	0
0	7417	5851	3	0
0	7415	5849	3	1
0	7415	5847	3	3
0	7417	5842	3	5
0	7419	5839	3	3
0	7419	5837	3	1
0	7420	5836	3	0
0	7421	5834	3	3
0	7422	5830	3	5
0	7425	5824	3	7
0	7428	5817	3	9
0	7432	5807	3	11
0	7436	5795	3	13
0	7442	5781	3	16
0	7448	5766	3	16
0	7454	5751	3	16
0	7461	5735	3	16
0	7463	5718	3	16
0	7462	5704	3	12
0	7461	5693	3	9
0	7459	5686	3	6
0	7457	5681	3	3
0	7457	5678	3	0
0	7457	5678	3	0
0	7457	5678	3	0
0	7457	5678	3	0
0	7457	5678	3	0
0	7457	5678	3	0
0	7457	5678	3	0
0	7457	5678	3	0
0	7457	5678	3	0
0	7457	5678	3	0
0	7457	5678	3	0
0	7457	5678	3	0
0	7457	5678	3	0
0	7457	5678	3	0
0	7457	5678	3	0
0	7457	5678	3	0
0	7457	5678	3	0
0	7457	5678	3	0
0	7457	5678	3	0
0	7457	5678	3	0
0	7457	5678	3	0
0	7456	5676	3	2
0	7455	5673	3	4
0	7453	5667	3	6
0	7449	5660	4	8
0	7445	5651	4	10
0	7439	5641	4	12
0	7433	5628	4	13
0	7428	5618	4	9
0	7424	5611	4	6
0	7421	5606	4	4
0	7420	5603	4	2
0	7419	5602	4	1
0	7419	5601	4	0
0	7419	5601	4	0
0	7419	5601	4	0
0	7419	5601	4	0
0	7419	5601	4	0
0	7419	5601	4	0
0	7419	5601	4	0
0	7419	5601	4	0
0	7419	5601	4	0
0	7419	5601	4	0
0	7419	5601	4	0
0	7419	5601	4	0
0	7419	5601	4	0
0	7419	5601	4	0
0	7419	5601	4	0
0	7419	5601	4	0
0	7419	5601	4	0
0	7419	5601	4	0
0	7419	5601	4	0
0	7419	5601	4	0
0	7419	5601	4	0
0	7419	5601	4	0
0	7419	5601	4	0
0	7419	5601	4	0
0	7419	5601	4	0
0	7419	5601	4	0
0	7419	5601	4	0
0	7419	5601	4	0
0	7419	5601	4	0
0	7419	5601	4	0
0	7419	5601	4	0
0	7419	5601	4	0
0	7419	5601	4	0
0	7419	5601	4	0
0	7419	5601	4	0
0	7419	5601	4	0
0	7419	5601	4	0
0	7419	5601	4	0
0	7419	5601	4	0
0	7419	5601	4	0
0	7419	5601	4	0
0	7419	5600	4	0
0	7418	5599	4	2
0	7417	5596	4	4
0	7414	5592	4	5
0	7411	5585	4	7
0	7407	5578	4	9
0	7403	5568	4	10
0	7398	5558	4	11
0	7392	5547	4	11
0	7387	5536	4	12
0	7382	5525	4	11
0	7376	5514	4	12
0	7372	5505	4	8
0	7368	5498	4	8
0	7366	5492	4	5
0	7364	5488	4	3
0	7363	5487	4	1
0	7362	5486	4	0
0	7362	5485	4	0
0	7362	5485	4	0
0	7362	5485	4	0
0	7362	5485	4	0
0	7362	5485	4	0
0	7362	5485	4	0
0	7362	5485	4	0
0	7362	5485	4	0
0	7362	5485	4	0
0	7362	5485	4	0
0	7362	5485	4	0
0	7362	5485	4	0
0	7362	5485	4	0
0	7362	5485	4	0
0	7362	5485	4	0
0	7362	5485	4	0
0	7362	5485	4	0
0	7362	5485	4	0
0	7362	5485	4	0
0	7362	5485	4	0
0	7362	5485	4	0
0	7362	5485	4	0
0	7362	5485	4	0
0	7362	5485	4	0
0	7362	5485	4	0
0	7362	5485	4	0
0	7362	5485	4	0
0	7362	5485	4	0
0	7362	5485	4	0
0	7362	5485	4	0
0	7362	5485	4	0
0	7362	5485	4	0
0	7362	5485	4	0
0	7361	5484	4	2
0	7360	5481	4	3
0	7359	5479	4	1
0	7358	5477	4	4
0	7357	5474	4	3
0	7355	5470	4	5
0	7352	5464	4	7
0	7348	5457	4	9
0	7344	5449	4	8
0	7341	5442	4	6
0	7339	5438	4	4
0	7337	5434	4	3
0	7336	5431	4	2
0	7335	5430	4	1
0	7334	5429	4	0
0	7334	5428	4	0
0	7334	5428	4	0
0	7334	5428	4	0
0	7334	5428	4	0
0	7334	5428	4	0
0	7333	5427	4	1
0	7332	5425	4	2
0	7331	5422	4	4
0	7329	5418	4	3
0	7328	5416	4	1
0	7327	5415	4	0
0	7327	5414	4	0
0	7327	5414	4	0
0	7327	5414	4	0
0	7327	5414	4	0
0	7327	5414	4	0
0	7327	5414	4	0
0	7327	5414	4	0
0	7327	5414	4	0
0	7327	5414	4	0
0	7327	5414	4	0
0	7327	5414	4	0
0	7327	5414	4	0
0	7327	5414	4	0
0	7327	5414	4	0
0	7327	5414	4	0
0	7327	5414	4	0
0	7327	5414	4	1
0	7326	5411	4	3
0	7323	5407	4	5
0	7321	5401	4	7
0	7317	5393	4	9
0	7313	5385	4	8
0	7310	5378	4	5
0	7308	5374	4	3
0	7307	5372	4	1
0	7306	5371	4	0
0	7306	5371	4	0
0	7306	5370	4	0
0	7306	5370	4	0
0	7306	5370	4	0
0	7306	5370	4	0
0	7306	5370	4	0
0	7306	5370	4	0
0	7306	5370	4	0
0	7306	5370	4	0
0	7306	5370	4	0
0	7306	5370	4	0
0	7306	5370	4	0
0	7306	5370	4	0
0	7306	5370	4	0
0	7306	5370	4	0
0	7306	5370	4	1
0	7305	5368	4	2
0	7303	5366	4	2
0	7302	5363	4	2
0	7302	5362	4	1
0	7301	5361	4	0
0	7301	5360	4	0
0	7301	5360	4	0
0	7301	5360	4	0
0	7301	5360	4	0
0	7301	5360	4	0
0	7301	5360	4	0
0	7301	5360	4	0
0	7301	5360	4	0
0	7301	5360	4	0
0	7301	5360	4	0
0	7301	5360	4	0
0	7301	5360	4	0
0	7301	5360	4	0
0	7301	5360	4	0
0	7301	5360	4	0
0	7301	5360	4	0
0	7301	5360	4	0
0	7301	5360	4	0
0	7301	5360	4	0
0	7301	5360	4	0
0	7301	5360	4	0
0	7301	5360	4	0
0	7301	5360	4	0
0	7301	5360	4	0
0	7301	5360	4	0
0	7301	5360	4	0
0	7301	5360	4	0
0	7300	5359	4	1
0	7299	5357	4	2
0	7299	5356	4	0
0	7299	5356	4	0
0	7299	5356	4	0
0	7299	5356	4	0
0	7299	5356	4	0
0	7299	5356	4	0
0	7299	5356	4	0
0	7299	5356	4	0
0	7299	5356	4	0
0	7299	5356	4	0
0	7299	5356	4	0
0	7299	5356	4	0
0	7299	5356	4	0
0	7299	5356	4	0
0	7299	5356	4	0
0	7299	5356	4	0
0	7299	5356	4	0
0	7299	5356	4	0
0	7299	5356	4	0
0	7299	5356	4	0
0	7299	5355	4	1
0	7297	5353	4	3
0	7295	5349	4	5
0	7293	5343	4	7
0	7289	5335	4	9
0	7284	5326	4	11
0	7279	5314	4	13
0	7272	5301	4	15
0	7265	5287	4	16
0	7259	5275	4	12
0	7253	5262	4	14
0	7246	5249	4	16
0	7239	5234	4	16
0	7231	5219	4	16
0	7224	5204	4	16
0	7216	5189	4	16
0	7209	5175	4	16
0	7201	5160	4	16
0	7194	5145	4	16
0	7186	5130	4	16
0	7179	5115	4	16
0	7172	5102	4	13
0	7167	5092	4	9
0	7163	5085	4	6
0	7161	5080	4	4
0	7159	5077	4	2
0	7159	5076	4	1
0	7158	5075	4	0
0	7158	5074	4	1
0	7157	5073	4	2
0	7156	5070	4	3
0	7154	5066	4	5
0	7152	5062	4	3
0	7151	5060	4	0
0	7151	5060	4	0
0	7151	5060	4	0
0	7151	5060	4	0
0	7151	5060	4	0
0	7151	5060	4	0
0	7151	5060	4	0
0	7151	5060	4	0
0	7151	5060	4	0
0	7151	5060	4	0
0	7151	5060	4	0
0	7151	5060	4	0
0	7151	5060	4	0
0	7151	5060	4	0
0	7151	5060	4	0
0	7151	5060	4	0
0	7151	5060	4	0
0	7151	5060	4	0
0	7151	5060	4	0
0	7151	5060	4	0
0	7151	5060	4	1
0	7150	5058	4	3
0	7148	5054	4	5
0	7145	5048	4	7
0	7141	5041	4	9
0	7137	5032	4	11
0	7131	5021	4	13
0	7124	5008	4	15
0	7116	4994	4	16
0	7109	4979	4	16
0	7101	4964	4	16
0	7093	4950	4	16
0	7085	4935	4	16
0	7078	4921	4	16
0	7072	4905	3	16
0	7066	4890	3	16
0	7060	4874	3	16
0	7053	4859	3	16
0	7047	4844	3	16
0	7041	4828	3	16
0	7035	4813	3	16
0	7028	4798	3	16
0	7022	4782	3	16
0	7016	4767	3	16
0	7010	4751	3	16
0	7004	4737	3	13
0	6999	4726	3	10
0	6996	4719	3	7
0	6994	4713	3	4
0	6993	4710	3	2
0	6992	4708	3	1
0	6992	4708	3	0
0	6992	4707	3	0
0	6992	4707	3	0
0	6992	4707	3	0
0	6992	4707	3	0
0	6992	4707	3	0
0	6992	4707	3	0
0	6992	4707	3	0
0	6992	4707	3	0
0	6992	4707	3	0
0	6992	4707	3	0
0	6992	4707	3	0
0	6992	4707	3	0
0	6992	4707	3	0
0	6991	4706	3	2
0	6990	4703	3	4
0	6989	4697	3	6
0	6986	4690	3	8
0	6984	4681	3	10
0	6982	4670	3	12
0	6980	4657	3	14
0	6978	4643	3	15
0	6978	4626	3	16
0	6977	4610	3	16
0	6976	4593	3	16
0	6982	4580	2	16
0	6998	4577	8	16
0	7015	4574	8	16
0	7029	4564	2	16
0	7034	4551	3	12
0	7033	4540	3	9
0	7033	4532	3	6
0	7033	4527	3	3
0	7033	4524	3	1
0	7033	4524	3	0
0	7033	4524	3	0
0	7033	4524	3	0
0	7033	4524	3	0
0	7033	4524	3	0
0	7033	4524	3	0
0	7033	4524	3	0
0	7033	4524	3	0
0	7033	4524	3	0
0	7033	4524	3	0
0	7033	4524	3	0
0	7033	4524	3	0
0	7033	4524	3	0
0	7033	4524	3	0
0	7033	4524	3	0
0	7033	4524	3	0
0	7033	4524	3	0
0	7033	4524	3	0
0	7033	4524	3	0
0	7033	4524	3	0
0	7033	4522	3	2
0	7033	4519	3	4
0	7032	4513	3	6
0	7032	4506	3	8
0	7032	4496	3	10
0	7031	4485	3	12
0	7030	4471	3	14
0	7029	4456	3	16
0	7028	4439	3	16
0	7028	4423	3	16
0	7027	4406	3	16
0	7026	4389	3	16
0	7026	4373	3	16
0	7025	4357	3	16
0	7024	4340	3	16
0	7024	4324	3	16
0	7029	4309	2	16
0	7045	4305	8	16
0	7060	4301	8	14
0	7071	4297	8	10
0	7080	4295	8	7
0	7086	4293	8	5
0	7090	4292	8	2
0	7091	4292	8	0
0	7091	4292	8	0
0	7091	4292	8	0
0	7091	4292	8	0
0	7091	4292	8	0
0	7091	4292	8	0
0	7091	4292	8	0
0	7091	4292	8	0
0	7091	4292	8	0
0	7091	4292	8	0
0	7091	4292	8	0
0	7091	4292	8	0
0	7091	4292	8	0
0	7091	4292	8	0
0	7091	4292	8	0
0	7091	4292	8	0
0	7091	4292	8	0
0	7091	4292	8	0
0	7091	4292	8	0
0	7091	4292	8	0
0	7090	4289	8	1
0	7093	4288	8	3
0	7098	4287	8	5
0	7104	4285	8	7
0	7110	4283	8	4
0	7114	4282	8	4
0	7117	4277	2	6
0	7116	4270	3	8
0	7113	4260	3	10
0	7110	4251	3	9
0	7108	4243	3	6
0	7106	4239	3	3
0	7106	4236	3	1
0	7105	4235	3	0
0	7105	4235	3	0
0	7105	4234	3	0
0	7105	4234	3	0
0	7105	4234	3	0
0	7105	4234	3	0
0	7105	4234	3	0
0	7105	4234	3	0
0	7105	4234	3	0
0	7105	4234	3	0
0	7105	4234	3	0
0	7105	4234	3	0
0	7105	4234	3	0
0	7105	4234	3	0
0	7105	4234	3	0
0	7105	4234	3	0
0	7105	4234	3	0
0	7105	4234	3	0
0	7105	4234	3	0
0	7105	4234	3	0
0	7105	4234	3	0
0	7105	4234	3	0
0	7105	4234	3	0
0	7105	4234	3	0
0	7105	4234	3	0
0	7105	4234	3	0
0	7105	4234	3	0
0	7105	4234	3	0
0	7105	4234	3	0
0	7105	4234	3	0
0	7105	4234	3	0
0	7105	4234	3	0
0	7105	4234	3	0
0	7105	4234	3	0
0	7105	4234	3	0
0	7105	4234	3	0
0	7105	4234	3	0
0	7105	4234	3	0
0	7105	4234	3	0
0	7105	4233	3	2
0	7104	4229	3	4
0	7103	4224	3	6
0	7102	4216	3	8
0	7100	4207	3	10
0	7097	4196	3	12
0	7094	4184	3	13
0	7089	4170	3	15
0	7088	4153	3	17
0	7083	4135	3	19
0	7077	4115	3	21
0	7071	4093	3	23
0	7064	4071	3	23
0	7058	4049	3	23
0	7051	4027	3	20
0	7046	4009	3	17
0	7042	3995	3	13
0	7038	3984	3	10
0	7036	3975	3	7
0	7034	3970	3	4
0	7033	3967	3	2
0	7033	3966	3	0
0	7033	3966	3	0
0	7033	3966	3	0
0	7033	3966	3	0
0	7033	3966	3	0
0	7033	3966	3	0
0	7033	3966	3	0
0	7033	3966	3	0
0	7033	3966	3	0
0	7033	3966	3	0
0	7033	3966	3	0
0	7033	3966	3	0
0	7033	3966	3	0
0	7033	3966	3	0
0	7033	3966	3	0
0	7033	3966	3	0
0	7033	3966	3	0
0	7033	3966	3	0
0	7033	3966	3	0
0	7033	3966	3	0
0	7033	3965	3	2
0	7032	3962	3	4
0	7030	3957	3	6
0	7028	3950	3	8
0	7025	3941	3	10
0	7023	3930	3	12
0	7020	3918	3	13
0	7017	3906	3	10
0	7015	3898	3	7
0	7013	3892	3	4
0	7012	3889	3	2
0	7011	3888	3	1
0	7011	3887	3	0
0	7011	3887	3	0
0	7011	3886	3	0
0	7011	3886	3	0
0	7011	3886	3	0
0	7011	3886	3	0
0	7011	3886	3	0
0	7011	3886	3	0
0	7011	3886	3	0
0	7011	3886	3	0
0	7011	3886	3	0
0	7011	3886	3	0
0	7011	3886	3	0
0	7011	3886	3	0
0	7011	3886	3	0
0	7011	3886	3	0
0	7011	3886	3	0
0	7011	3886	3	0
0	7011	3886	3	0
0	7011	3886	3	0
0	7011	3886	3	0
0	7011	3886	3	0
0	7011	3886	3	0
0	7011	3886	3	0
0	7011	3886	3	0
0	7011	3886	3	0
0	7011	3886	3	0
0	7011	3886	3	0
0	7011	3886	3	0
0	7011	3886	3	0
0	7011	3886	3	0
0	7011	3886	3	0
0	7011	3886	3	0
0	7011	3886	3	0
0	7011	3886	3	0
0	7011	3886	3	0
0	7011	3886	3	0
0	7010	3885	3	2
0	7011	3882	3	4
0	7017	3881	2	6
0	7024	3879	8	8
0	7033	3877	8	10
0	7043	3874	8	11
0	7056	3871	8	13
0	7070	3867	8	15
0	7086	3864	8	16
0	7102	3861	8	16
0	7119	3858	8	16
0	7135	3855	8	16
0	7151	3852	8	16
0	7168	3849	8	16
0	7184	3846	8	16
0	7200	3840	8	16
0	7216	3837	8	16
0	7232	3834	8	16
0	7249	3831	8	16
0	7265	3828	8	16
0	7281	3825	8	16
0	7298	3822	8	16
0	7314	3819	8	16
0	7330	3816	8	16
0	7347	3813	8	16
0	7363	3810	8	16
0	7379	3807	8	16
0	7396	3804	8	16
0	7412	3801	8	16
0	7428	3798	8	16
0	7445	3795	8	16
0	7461	3792	8	16
0	7477	3789	8	16
0	7494	3786	8	16
0	7510	3783	8	16
0	7526	3780	8	16
0	7543	3777	8	16
0	7558	3771	8	16
0	7574	3767	8	16
0	7591	3764	8	16
0	7607	3761	8	16
0	7623	3758	8	16
0	7640	3755	8	16
0	7656	3752	8	16
0	7672	3749	8	16
0	7689	3746	8	16
0	7705	3743	8	16
0	7721	3739	8	16
0	7738	3736	8	16
0	7754	3733	8	16
0	7770	3729	8	16
0	7786	3726	8	16
0	7803	3723	8	16
0	7819	3720	8	16
0	7835	3716	8	16
0	7851	3712	8	16
0	7867	3709	8	14
0	7880	3706	8	11
0	7889	3703	8	8
0	7896	3702	8	5
0	7900	3701	8	3
0	7903	3698	2	6
0	7906	3691	2	7
0	7906	3682	3	9
0	7905	3672	3	11
0	7905	3659	3	13
0	7906	3644	3	15
0	7913	3628	3	16
0	7917	3612	3	16
0	7923	3597	3	16
0	7928	3581	3	16
0	7934	3566	3	16
0	7939	3550	3	16
0	7945	3534	3	16
0	7951	3519	3	16
0	7956	3503	3	16
0	7962	3488	3	16
0	7967	3474	3	12
0	7971	3464	3	9
0	7973	3457	3	6
0	7975	3452	3	3
0	7976	3449	3	1
0	7976	3449	3	0
0	7976	3449	3	0
0	7976	3449	3	0
0	7976	3449	3	0
0	7976	3449	3	0
0	7976	3449	3	0
0	7976	3449	3	0
0	7976	3449	3	0
0	7976	3449	3	0
0	7976	3449	3	0
0	7976	3449	3	0
0	7976	3449	3	0
0	7976	3449	3	0
0	7976	3449	3	0
0	7976	3449	3	0
0	7976	3449	3	0
0	7976	3449	3	0
0	7976	3449	3	0
0	7976	3449	3	0
0	7976	3449	3	0
0	7977	3447	3	2
0	7978	3444	3	4
0	7980	3439	3	6
0	7982	3432	3	8
0	7986	3423	3	10
0	7991	3413	2	12
0	7997	3401	2	14
0	8005	3388	2	16
0	8014	3374	2	16
0	8025	3361	2	16
0	8035	3348	2	16
0	8047	3337	2	16
0	8060	3326	2	16
0	8072	3315	2	16
0	8085	3304	2	16
0	8097	3293	2	16
0	8110	3282	2	16
0	8122	3274	2	13
0	8132	3266	2	10
0	8139	3261	2	7
0	8144	3257	2	4
0	8147	3255	2	2
0	8148	3254	2	1
0	8149	3253	2	0
0	8149	3253	2	0
0	8149	3253	2	0
0	8149	3253	2	0
0	8149	3253	2	0
0	8149	3253	2	0
0	8149	3253	2	0
0	8149	3253	2	0
0	8149	3253	2	0
0	8149	3253	2	0
0	8150	3252	2	2
0	8153	3250	2	4
0	8157	3247	2	6
0	8163	3242	2	8
0	8170	3236	2	10
0	8178	3229	2	12
0	8189	3221	2	13
0	8200	3212	2	15
0	8213	3202	2	16
0	8227	3193	2	16
0	8241	3184	2	16
0	8255	3175	2	16
0	8269	3166	2	16
0	8283	3156	2	16
0	8297	3148	2	16
0	8311	3139	2	16
0	8325	3130	2	16
0	8339	3122	2	16
0	8353	3113	2	16
0	8367	3104	2	16
0	8381	3095	2	16
0	8396	3087	2	16
0	8410	3078	2	16
0	8424	3069	2	16
0	8438	3061	2	16
0	8452	3052	2	16
0	8466	3043	2	16
0	8479	3036	2	13
0	8489	3030	2	9
0	8496	3025	2	6
0	8500	3022	2	4
0	8503	3020	2	1
0	8503	3020	2	0
0	8503	3020	2	0
0	8503	3020	2	0
0	8503	3020	2	0
0	8503	3020	2	0
0	8503	3020	2	0
0	8503	3020	2	0
0	8503	3020	2	0
0	8503	3020	2	0
0	8503	3020	2	0
0	8503	3020	2	0
0	8503	3020	2	0
0	8503	3020	2	0
0	8503	3020	2	0
0	8503	3020	2	0
0	8503	3020	2	0
0	8503	3020	2	0
0	8503	3020	2	0
0	8503	3020	2	0
0	8503	3020	2	0
0	8504	3019	2	2
0	8507	3017	2	4
0	8511	3014	2	6
0	8517	3011	2	8
0	8525	3006	2	10
0	8535	2999	2	12
0	8547	2992	2	14
0	8560	2984	2	15
0	8571	2978	2	11
0	8579	2972	2	8
0	8585	2969	2	5
0	8589	2967	2	3
0	8591	2965	2	1
0	8592	2965	2	0
0	8592	2964	2	0
0	8592	2964	2	0
0	8592	2964	2	0
0	8592	2964	2	0
0	8592	2964	2	0
0	8592	2964	2	0
0	8592	2964	2	0
0	8592	2964	2	0
0	8592	2964	2	0
0	8592	2964	2	0
0	8592	2964	2	0
0	8592	2964	2	0
0	8592	2964	2	0
0	8592	2964	2	0
0	8592	2964	2	0
0	8592	2964	2	0
0	8592	2964	2	0
0	8592	2964	2	0
0	8592	2964	2	0
0	8594	2963	2	2
0	8597	2962	2	4
0	8602	2959	2	6
0	8608	2955	2	8
0	8617	2950	2	10
0	8627	2944	2	12
0	8638	2938	2	14
0	8651	2930	2	16
0	8666	2922	2	16
0	8680	2914	2	16
0	8695	2905	2	16
0	8709	2897	2	16
0	8723	2888	2	16
0	8737	2879	2	16
0	8751	2871	2	16
0	8765	2862	2	16
0	8780	2853	2	16
0	8794	2845	2	16
0	8808	2836	2	16
0	8822	2828	2	16
0	8836	2819	2	16
0	8851	2810	2	16
0	8865	2802	2	16
0	8879	2793	2	16
0	8893	2785	2	16
0	8907	2777	2	13
0	8917	2771	2	10
0	8925	2767	2	7
0	8930	2764	2	4
0	8933	2762	2	2
0	8934	2762	2	0
0	8934	2762	2	0
0	8934	2762	2	0
0	8934	2762	2	0
0	8934	2762	2	0
0	8934	2762	2	0
0	8934	2762	2	0
0	8934	2762	2	0
0	8934	2762	2	0
0	8934	2762	2	0
0	8934	2762	2	0
0	8934	2762	2	0
0	8934	2762	2	0
0	8934	2762	2	0
0	8934	2762	2	0
0	8934	2762	2	0
0	8934	2762	2	0
0	8934	2762	2	0
0	8934	2762	2	0
0	8934	2762	2	0
0	8935	2761	2	2
0	8937	2760	2	4
0	8942	2757	2	6
0	8948	2753	2	8
0	8956	2748	2	9
0	8965	2743	2	12
0	8977	2736	2	14
0	8990	2729	2	16
0	9004	2721	2	16
0	9019	2712	2	16
0	9033	2704	2	16
0	9047	2696	2	16
0	9062	2687	2	16
0	9076	2678	2	16
0	9090	2670	2	16
0	9104	2662	2	16
0	9119	2653	2	16
0	9133	2645	2	16
0	9148	2637	2	16
0	9162	2629	2	16
0	9177	2621	2	16
0	9191	2612	2	16
0	9206	2604	2	16
0	9220	2596	2	16
0	9233	2588	2	13
0	9244	2583	2	10
0	9252	2578	2	7
0	9257	2575	2	4
0	9260	2573	2	2
0	9261	2573	2	0
0	9261	2573	2	0
0	9261	2573	2	0
0	9261	2573	2	0
0	9261	2573	2	0
0	9261	2573	2	0
0	9261	2573	2	0
0	9261	2573	2	0
0	9261	2573	2	0
0	9261	2573	2	0
0	9261	2573	2	0
0	9261	2573	2	0
0	9261	2573	2	0
0	9261	2573	2	0
0	9261	2573	2	0
0	9261	2573	2	0
0	9261	2573	2	0
0	9261	2573	2	0
0	9261	2573	2	0
0	9261	2573	2	0
0	9261	2572	2	1
0	9264	2571	2	4
0	9268	2568	2	6
0	9275	2564	2	8
0	9282	2560	2	9
0	9292	2554	2	12
0	9303	2547	2	14
0	9313	2554	8	16
0	9322	2569	8	16
0	9330	2583	8	16
0	9339	2597	8	16
0	9347	2612	8	16
0	9355	2626	8	16
0	9364	2640	8	16
0	9372	2654	8	16
0	9381	2669	8	16
0	9389	2683	8	16
0	9397	2697	8	16
0	9405	2710	8	13
0	9412	2720	8	10
0	9416	2727	8	7
0	9419	2732	8	4
0	9421	2735	8	2
0	9421	2735	8	0
0	9421	2735	8	0
0	9421	2735	8	0
0	9421	2735	8	0
0	9421	2735	8	0
0	9421	2735	8	0
0	9421	2735	8	0
0	9421	2735	8	0
0	9421	2735	8	0
0	9421	2735	8	0
0	9421	2735	8	0
0	9421	2735	8	0
0	9421	2735	8	0
0	9421	2735	8	0
0	9421	2735	8	0
0	9421	2735	8	0
0	9421	2735	8	0
0	9421	2735	8	0
0	9421	2735	8	0
0	9421	2735	8	0
0	9422	2736	8	2
0	9426	2737	8	4
0	9429	2742	8	6
0	9434	2748	8	8
0	9439	2756	8	10
0	9445	2765	8	12
0	9452	2776	8	13
0	9461	2788	8	15
0	9469	2801	8	14
0	9476	2812	8	10
0	9481	2819	8	7
0	9485	2824	8	5
0	9487	2827	8	4
0	9492	2829	8	6
0	9499	2825	8	8
0	9506	2819	2	10
0	9514	2811	2	12
0	9524	2803	2	13
0	9536	2793	2	15
0	9548	2782	2	16
0	9561	2771	2	16
0	9574	2761	2	16
0	9586	2750	2	16
0	9599	2739	2	16
0	9611	2728	2	16
0	9624	2717	2	16
0	9636	2706	2	16
0	9649	2695	2	16
0	9661	2684	2	16
0	9673	2673	2	16
0	9685	2661	2	16
0	9695	2648	2	16
0	9705	2635	2	16
0	9714	2623	2	12
0	9720	2614	2	9
0	9725	2608	2	6
0	9728	2604	2	4
0	9730	2601	2	1
0	9730	2601	2	0
0	9730	2601	2	0
0	9730	2601	2	0
0	9730	2601	2	0
0	9730	2601	2	0
0	9730	2601	2	0
0	9730	2601	2	0
0	9730	2601	2	0
0	9730	2601	2	0
0	9730	2601	2	0
0	9730	2601	2	0
0	9730	2601	2	0
0	9730	2601	2	0
0	9730	2601	2	0
0	9730	2601	2	0
0	9730	2601	2	0
0	9730	2601	2	0
0	9730	2601	2	0
0	9730	2601	2	0
0	9730	2601	2	0
0	9731	2600	2	2
0	9733	2597	2	4
0	9736	2591	2	6
0	9740	2585	2	8
0	9744	2576	2	10
0	9750	2566	2	12
0	9756	2554	2	14
0	9763	2541	2	15
0	9772	2527	2	16
0	9780	2513	2	16
0	9789	2499	2	16
0	9799	2485	2	16
0	9810	2473	2	16
0	9821	2460	2	16
0	9832	2449	2	15
0	9843	2440	2	11
0	9851	2434	2	8
0	9856	2430	2	5
0	9860	2427	2	3
0	9864	2424	2	5
0	9869	2419	2	7
0	9878	2416	2	9
0	9886	2409	2	11
0	9896	2401	2	13
0	9904	2389	2	15
0	9912	2375	2	16
0	9921	2362	2	16
0	9937	2363	8	16
0	9950	2353	2	16
0	9963	2343	2	16
0	9976	2332	2	16
0	9988	2321	2	16
0	10001	2311	2	16
0	10014	2300	2	16
0	10026	2290	2	13
0	10035	2283	2	10
0	10042	2277	2	7
0	10046	2273	2	4
0	10049	2271	2	2
0	10050	2270	2	0
0	10050	2270	2	0
0	10050	2270	2	0
0	10050	2270	2	0
0	10050	2270	2	0
0	10050	2270	2	0
0	10050	2270	2	0
0	10050	2270	2	0
0	10050	2270	2	0
0	10050	2270	2	0
0	10050	2270	2	0
0	10050	2270	2	0
0	10050	2270	2	0
0	10050	2270	2	0
0	10050	2270	2	0
0	10050	2270	2	0
0	10050	2270	2	0
0	10050	2270	2	0
0	10050	2270	2	0
0	10050	2270	2	0
0	10050	2269	2	2
0	10053	2267	2	3
0	10056	2264	2	5
0	10061	2260	2	7
0	10068	2254	2	9
0	10075	2246	2	11
0	10085	2238	2	13
0	10095	2228	2	15
0	10107	2217	2	15
0	10117	2208	2	11
0	10124	2202	2	8
0	10130	2197	2	5
0	10133	2194	2	3
0	10137	2190	2	6
0	10138	2184	2	8
0	10133	2177	4	10
0	10125	2168	4	12
0	10117	2158	4	14
0	10107	2147	4	15
0	10096	2134	4	16
0	10086	2124	4	12
0	10079	2115	4	9
0	10074	2109	4	6
0	10071	2105	4	4
0	10069	2103	4	1
0	10069	2103	4	0
0	10069	2103	4	0
0	10069	2103	4	0
0	10069	2103	4	0
0	10069	2103	4	0
0	10069	2103	4	0
0	10069	2103	4	0
0	10069	2103	4	0
0	10069	2103	4	0
0	10069	2103	4	0
0	10069	2103	4	0
0	10069	2103	4	0
0	10069	2103	4	0
0	10069	2103	4	0
0	10069	2103	4	0
0	10069	2103	4	0
0	10069	2103	4	0
0	10069	2103	4	0
0	10069	2103	4	0
0	10069	2103	4	0
0	10067	2102	4	2
0	10065	2099	4	4
0	10061	2095	4	6
0	10056	2089	4	8
0	10050	2082	4	10
0	10043	2073	4	12
0	10035	2062	4	13
0	10028	2052	4	12
0	10036	2042	2	14
0	10047	2031	2	16
0	10060	2020	2	16
0	10072	2009	2	16
0	10084	1997	2	16
0	10096	1986	2	16
0	10108	1975	2	16
0	10120	1963	2	16
0	10133	1952	2	16
0	10144	1942	2	14
0	10153	1933	2	10
0	10160	1927	2	7
0	10165	1923	2	5
0	10168	1921	2	2
0	10168	1920	2	0
0	10168	1920	2	0
0	10168	1920	2	0
0	10168	1920	2	0
0	10168	1920	2	0
0	10168	1920	2	0
0	10168	1920	2	0
0	10168	1920	2	0
0	10168	1920	2	0
0	10168	1920	2	0
0	10168	1920	2	0
0	10168	1920	2	0
0	10168	1920	2	0
0	10168	1920	2	0
0	10168	1920	2	0
0	10168	1920	2	0
0	10168	1920	2	0
0	10168	1920	2	0
0	10168	1920	2	0
0	10168	1920	2	0
0	10169	1919	2	1
0	10171	1917	2	3
0	10175	1914	2	5
0	10180	1909	2	7
0	10187	1903	2	9
0	10195	1895	2	12
0	10205	1886	2	14
0	10216	1876	2	16
0	10228	1865	2	16
0	10240	1854	2	16
0	10252	1842	2	16
0	10265	1831	2	16
0	10277	1820	2	16
0	10289	1809	2	16
0	10301	1797	2	16
0	10314	1786	2	16
0	10326	1775	2	16
0	10338	1765	2	16
0	10351	1754	2	16
0	10363	1743	2	16
0	10376	1732	2	16
0	10390	1725	2	16
0	10407	1724	8	16
0	10423	1724	8	16
0	10439	1729	8	16
0	10454	1735	8	16
0	10469	1741	8	16
0	10485	1747	8	16
0	10500	1753	8	16
0	10515	1760	8	16
0	10530	1767	8	16
0	10545	1774	8	16
0	10560	1781	8	16
0	10575	1788	8	16
0	10590	1795	8	16
0	10603	1805	8	16
0	10615	1817	8	16
0	10627	1828	8	16
0	10638	1840	8	16
0	10649	1853	8	16
0	10660	1866	8	16
0	10670	1878	8	16
0	10680	1890	8	13
0	10688	1899	8	10
0	10693	1905	8	7
0	10697	1909	8	4
0	10700	1912	8	4
0	10703	1915	8	6
0	10700	1920	7	8
0	10693	1928	6	10
0	10690	1940	7	12
0	10693	1955	7	14
0	10690	1964	6	16
0	10677	1974	6	16
0	10664	1984	6	16
0	10651	1994	6	16
0	10638	2004	6	16
0	10624	2014	6	16
0	10611	2025	6	16
0	10598	2035	6	16
0	10586	2046	6	16
0	10573	2056	6	16
0	10560	2067	6	16
0	10548	2078	6	16
0	10535	2089	6	16
0	10522	2099	6	16
0	10510	2110	6	16
0	10497	2121	6	16
0	10485	2132	6	16
0	10472	2143	6	16
0	10460	2154	6	16
0	10447	2165	6	16
0	10435	2176	6	16
0	10422	2187	6	16
0	10410	2198	6	16
0	10397	2209	6	16
0	10385	2220	6	16
0	10372	2231	6	16
0	10360	2242	6	16
0	10347	2253	6	16
0	10335	2264	6	15
0	10325	2272	6	11
0	10318	2279	6	8
0	10313	2283	6	5
0	10309	2286	6	3
0	10308	2287	6	0
0	10308	2287	6	0
0	10308	2287	6	0
0	10308	2287	6	0
0	10308	2287	6	0
0	10308	2287	6	0
0	10308	2287	6	0
0	10308	2287	6	0
0	10308	2287	6	0
0	10308	2287	6	0
0	10308	2287	6	0
0	10308	2287	6	0
0	10308	2287	6	0
0	10308	2287	6	0
0	10308	2287	6	0
0	10308	2287	6	0
0	10308	2287	6	0
0	10308	2287	6	0
0	10308	2287	6	0
0	10308	2287	6	0
0	10308	2287	6	1
0	10306	2289	6	3
0	10303	2291	6	5
0	10298	2296	6	7
0	10292	2301	6	9
0	10286	2308	6	9
0	10279	2314	6	8
0	10272	2320	6	9
