0	7982	6835	2	4
0	7984	6830	2	6
0	7987	6823	3	8
0	7991	6814	2	10
0	7995	6803	2	12
0	7999	6792	3	11
0	8002	6782	3	8
0	8004	6776	3	5
0	8004	6772	3	3
0	8005	6770	3	0
0	8005	6770	3	0
0	8005	6770	3	0
0	8005	6770	3	0
0	8005	6770	3	0
0	8005	6770	3	0
0	8005	6770	3	0
0	8005	6770	3	0
0	8005	6770	3	0
0	8005	6770	3	0
0	8005	6770	3	0
0	8005	6770	3	0
0	8005	6770	3	0
0	8005	6770	3	0
0	8005	6770	3	0
0	8005	6770	3	0
0	8005	6770	3	0
0	8005	6770	3	0
0	8005	6770	3	0
0	8005	6770	3	0
0	8005	6770	3	1
0	8005	6768	3	3
0	8006	6763	3	5
0	8007	6757	3	7
0	8008	6749	3	8
0	8009	6739	3	10
0	8010	6727	3	12
0	8011	6713	3	14
0	8026	6711	8	14
0	8041	6710	8	14
0	8056	6708	8	14
0	8070	6707	8	14
0	8085	6703	8	14
0	8099	6700	8	14
0	8114	6696	8	14
0	8128	6693	8	14
0	8143	6689	8	14
0	8157	6686	8	14
0	8172	6682	8	14
0	8186	6679	8	14
0	8201	6675	8	14
0	8215	6672	8	14
0	8230	6669	8	14
0	8244	6665	8	14
0	8259	6662	8	14
0	8273	6661	8	14
0	8288	6660	8	14
0	8303	6661	8	14
0	8317	6662	8	14
0	8332	6664	8	14
0	8347	6667	8	14
0	8361	6670	8	13
0	8372	6672	8	9
0	8380	6674	8	6
0	8385	6675	8	4
0	8388	6675	8	1
0	8388	6675	8	0
0	8388	6675	8	0
0	8388	6675	8	0
0	8388	6675	8	0
0	8388	6675	8	0
0	8388	6675	8	0
0	8388	6675	8	0
0	8388	6675	8	0
0	8388	6675	8	0
0	8388	6675	8	0
0	8388	6675	8	0
0	8388	6675	8	0
0	8388	6675	8	0
0	8388	6675	8	0
0	8388	6675	8	0
0	8388	6675	8	0
0	8388	6675	8	0
0	8388	6675	8	0
0	8388	6675	8	0
0	8388	6675	8	0
0	8390	6676	8	2
0	8393	6676	8	4
0	8399	6677	8	6
0	8406	6679	8	8
0	8416	6681	8	10
0	8427	6684	8	12
0	8440	6686	8	14
0	8455	6689	8	14
0	8470	6693	8	14
0	8485	6696	8	14
0	8499	6699	8	14
0	8514	6702	8	14
0	8527	6697	2	14
0	8530	6682	3	14
0	8532	6668	3	13
0	8534	6657	3	9
0	8535	6649	3	6
0	8535	6644	3	4
0	8536	6641	3	1
0	8536	6640	3	0
0	8536	6640	3	0
0	8536	6640	3	0
0	8536	6640	3	0
0	8536	6640	3	0
0	8536	6640	3	0
0	8536	6640	3	0
0	8536	6640	3	0
0	8536	6640	3	0
0	8536	6640	3	0
0	8536	6640	3	0
0	8536	6640	3	0
0	8536	6640	3	0
0	8536	6640	3	0
0	8536	6640	3	0
0	8536	6640	3	0
0	8536	6640	3	0
0	8536	6640	3	0
0	8536	6640	3	0
0	8536	6640	3	0
0	8533	6638	3	2
0	8533	6634	3	4
0	8534	6629	3	6
0	8534	6621	3	8
0	8534	6612	3	10
0	8534	6601	3	12
0	8533	6587	3	14
0	8531	6573	3	14
0	8529	6558	3	14
0	8527	6543	3	14
0	8525	6529	3	14
0	8523	6514	3	14
0	8520	6499	3	14
0	8517	6485	3	14
0	8514	6470	3	14
0	8512	6455	3	14
0	8510	6441	3	14
0	8507	6426	3	14
0	8505	6411	3	14
0	8503	6397	3	14
0	8500	6382	3	14
0	8498	6367	3	14
0	8495	6353	3	14
0	8493	6338	3	14
0	8490	6323	3	14
0	8490	6308	3	14
0	8488	6294	3	14
0	8485	6279	3	14
0	8483	6264	3	14
0	8481	6249	3	14
0	8479	6235	3	14
0	8477	6220	3	14
0	8474	6205	3	14
0	8472	6191	3	14
0	8470	6176	3	14
0	8468	6161	3	14
0	8465	6146	3	14
0	8463	6133	3	11
0	8460	6123	3	8
0	8458	6116	3	5
0	8457	6112	3	3
0	8456	6110	3	0
0	8456	6110	3	0
0	8456	6110	3	0
0	8456	6110	3	0
0	8456	6110	3	0
0	8456	6110	3	0
0	8456	6110	3	0
0	8456	6110	3	0
0	8456	6110	3	0
0	8456	6110	3	0
0	8456	6110	3	0
0	8456	6110	3	0
0	8456	6110	3	0
0	8456	6110	3	0
0	8456	6110	3	0
0	8456	6110	3	0
0	8456	6110	3	0
0	8456	6110	3	0
0	8456	6110	3	0
0	8456	6110	3	0
0	8456	6110	3	1
0	8455	6108	3	3
0	8451	6104	3	5
0	8448	6099	3	7
0	8445	6091	3	9
0	8442	6081	3	11
0	8438	6069	3	13
0	8433	6056	3	14
0	8428	6042	3	14
0	8423	6028	3	13
0	8420	6018	3	9
0	8417	6010	3	6
0	8415	6005	3	4
0	8414	6001	3	5
0	8411	5995	3	7
0	8404	5991	4	9
0	8394	5994	4	10
0	8382	5994	4	13
0	8368	5997	4	15
0	8352	6002	4	17
0	8335	6006	4	17
0	8318	6010	4	17
0	8300	6014	4	17
0	8283	6018	4	17
0	8266	6023	4	16
0	8251	6026	4	13
0	8240	6029	4	9
0	8232	6031	4	7
0	8227	6033	4	4
0	8224	6034	4	2
0	8223	6034	4	0
0	8223	6034	4	0
0	8223	6034	4	0
0	8223	6034	4	0
0	8223	6034	4	0
0	8223	6034	4	0
0	8223	6034	4	0
0	8223	6034	4	0
0	8223	6034	4	0
0	8223	6034	4	0
0	8223	6034	4	0
0	8223	6034	4	0
0	8223	6034	4	0
0	8223	6034	4	0
0	8223	6034	4	0
0	8223	6034	4	0
0	8223	6034	4	0
0	8223	6034	4	0
0	8223	6034	4	0
0	8223	6034	4	0
0	8222	6034	4	2
0	8219	6035	4	4
0	8214	6036	4	6
0	8207	6038	4	8
0	8197	6040	4	10
0	8186	6043	4	12
0	8173	6045	4	14
0	8157	6049	4	16
0	8140	6052	4	17
0	8123	6055	4	17
0	8105	6058	4	17
0	8087	6061	4	17
0	8070	6064	4	17
0	8052	6067	4	17
0	8035	6069	4	17
0	8017	6070	4	17
0	8000	6070	4	14
0	7987	6070	4	11
0	7978	6070	4	8
0	7971	6071	4	5
0	7967	6071	4	3
0	7965	6071	4	0
0	7965	6071	4	0
0	7965	6071	4	0
0	7965	6071	4	0
0	7965	6071	4	0
0	7965	6071	4	0
0	7965	6071	4	0
0	7965	6071	4	0
0	7965	6071	4	0
0	7965	6071	4	0
0	7965	6071	4	0
0	7965	6071	4	0
0	7965	6071	4	0
0	7965	6071	4	0
0	7965	6071	4	0
0	7965	6071	4	0
0	7965	6071	4	0
0	7965	6071	4	0
0	7965	6071	4	0
0	7965	6071	4	0
0	7965	6071	4	1
0	7962	6071	4	3
0	7958	6071	4	5
0	7951	6071	4	7
0	7945	6071	4	4
0	7941	6071	4	3
0	7937	6071	4	5
0	7930	6067	4	7
0	7929	6059	4	9
0	7928	6048	3	11
0	7927	6036	3	13
0	7925	6022	3	14
0	7925	6007	3	14
0	7924	5993	3	13
0	7924	5981	3	10
0	7924	5972	3	7
0	7924	5967	3	4
0	7924	5963	3	2
0	7924	5962	3	1
0	7924	5961	3	0
0	7924	5961	3	0
0	7924	5961	3	0
0	7924	5961	3	0
0	7924	5961	3	0
0	7924	5961	3	0
0	7924	5961	3	0
0	7924	5961	3	0
0	7924	5961	3	0
0	7924	5961	3	0
0	7924	5961	3	0
0	7924	5961	3	0
0	7924	5961	3	0
0	7924	5961	3	0
0	7924	5961	3	0
0	7924	5961	3	0
0	7924	5961	3	0
0	7924	5961	3	0
0	7924	5961	3	0
0	7924	5961	3	0
0	7924	5961	3	0
0	7924	5961	3	0
0	7924	5961	3	0
0	7924	5961	3	0
0	7924	5961	3	0
0	7924	5961	3	0
0	7924	5961	3	0
0	7924	5961	3	0
0	7924	5961	3	0
0	7924	5961	3	0
0	7924	5961	3	0
0	7924	5961	3	0
0	7924	5961	3	0
0	7924	5961	3	0
0	7924	5961	3	0
0	7924	5961	3	0
0	7924	5959	3	2
0	7924	5956	3	4
0	7924	5950	3	6
0	7927	5943	3	8
0	7927	5933	3	10
0	7927	5922	3	12
0	7928	5909	3	14
0	7928	5894	3	14
0	7930	5880	3	14
0	7936	5866	2	14
0	7941	5854	2	12
0	7946	5844	2	8
0	7949	5838	2	6
0	7951	5833	2	3
0	7952	5831	2	0
0	7952	5831	2	0
0	7952	5831	2	0
0	7952	5831	2	0
0	7952	5831	2	0
0	7952	5831	2	0
0	7952	5831	2	0
0	7952	5831	2	0
0	7952	5831	2	0
0	7952	5831	2	0
0	7952	5831	2	0
0	7952	5831	2	0
0	7952	5831	2	0
0	7952	5831	2	0
0	7952	5831	2	0
0	7952	5831	2	0
0	7952	5831	2	0
0	7952	5831	2	0
0	7952	5831	2	0
0	7952	5831	2	0
0	7952	5831	2	0
0	7953	5829	2	3
0	7954	5825	2	5
0	7957	5819	2	7
0	7960	5812	2	9
0	7965	5802	2	11
0	7970	5791	2	13
0	7974	5777	3	14
0	7973	5763	3	12
0	7971	5753	3	9
0	7969	5746	3	6
0	7967	5741	3	3
0	7966	5739	3	1
0	7965	5738	3	0
0	7965	5737	3	0
0	7965	5737	3	0
0	7965	5737	3	0
0	7965	5737	3	0
0	7965	5737	3	0
0	7965	5737	3	0
0	7965	5737	3	0
0	7965	5737	3	0
0	7965	5737	3	0
0	7965	5737	3	0
0	7965	5737	3	0
0	7965	5737	3	0
0	7965	5737	3	0
0	7965	5737	3	0
0	7965	5737	3	0
0	7965	5737	3	0
0	7965	5737	3	0
0	7964	5735	3	2
0	7963	5732	3	4
0	7961	5727	4	6
0	7958	5720	4	8
0	7954	5712	4	10
0	7950	5701	4	12
0	7944	5689	4	13
0	7938	5676	4	14
0	7932	5662	4	14
0	7926	5649	4	14
0	7919	5635	4	14
0	7912	5622	4	14
0	7905	5609	4	14
0	7898	5596	4	14
0	7891	5583	4	14
0	7885	5570	4	13
0	7879	5560	4	10
0	7875	5552	4	7
0	7873	5547	4	4
0	7871	5544	4	2
0	7871	5544	4	0
0	7871	5544	4	0
0	7871	5544	4	0
0	7871	5544	4	0
0	7871	5544	4	0
0	7871	5544	4	0
0	7871	5544	4	0
0	7871	5544	4	0
0	7871	5544	4	0
0	7871	5544	4	0
0	7871	5544	4	0
0	7871	5544	4	0
0	7871	5544	4	0
0	7871	5544	4	0
0	7871	5544	4	0
0	7871	5544	4	0
0	7871	5544	4	0
0	7871	5544	4	0
0	7871	5544	4	0
0	7871	5544	4	0
0	7870	5543	4	2
0	7869	5540	4	4
0	7866	5535	4	6
0	7862	5529	4	7
0	7858	5522	4	9
0	7853	5512	4	11
0	7846	5501	4	13
0	7839	5488	4	14
0	7832	5475	4	14
0	7825	5462	4	14
0	7818	5449	4	14
0	7810	5436	4	14
0	7803	5424	4	14
0	7794	5411	4	14
0	7783	5401	4	14
0	7773	5392	4	11
0	7766	5385	4	8
0	7760	5381	4	5
0	7757	5378	4	3
0	7755	5377	4	0
0	7755	5377	4	0
0	7755	5377	4	0
0	7755	5377	4	0
0	7755	5377	4	0
0	7755	5377	4	0
0	7755	5377	4	0
0	7755	5377	4	0
0	7755	5377	4	0
0	7755	5377	4	0
0	7755	5377	4	0
0	7755	5377	4	0
0	7755	5377	4	0
0	7755	5377	4	0
0	7755	5377	4	0
0	7755	5377	4	0
0	7755	5377	4	0
0	7755	5377	4	0
0	7755	5377	4	0
0	7755	5377	4	0
0	7753	5379	4	1
0	7751	5378	4	3
0	7748	5375	4	5
0	7743	5372	4	7
0	7735	5368	4	9
0	7728	5364	4	6
0	7724	5362	4	4
0	7721	5361	4	2
0	7719	5361	4	1
0	7719	5360	4	0
0	7719	5360	4	0
0	7719	5360	4	0
0	7719	5360	4	0
0	7719	5360	4	0
0	7719	5360	4	0
0	7719	5360	4	0
0	7719	5360	4	0
0	7719	5360	4	0
0	7719	5360	4	0
0	7719	5360	4	0
0	7719	5360	4	0
0	7719	5360	4	0
0	7719	5360	4	0
0	7719	5360	4	0
0	7719	5360	4	0
0	7719	5360	4	0
0	7719	5360	4	0
0	7719	5360	4	0
0	7719	5360	4	0
0	7719	5360	4	0
0	7719	5360	4	0
0	7719	5360	4	0
0	7719	5360	4	0
0	7719	5360	4	0
0	7719	5360	4	0
0	7719	5360	4	0
0	7719	5360	4	0
0	7719	5360	4	0
0	7719	5360	4	0
0	7719	5360	4	0
0	7719	5360	4	0
0	7719	5360	4	0
0	7719	5360	4	0
0	7719	5360	4	0
0	7719	5360	4	0
0	7719	5360	4	0
0	7719	5360	4	0
0	7719	5360	4	0
0	7719	5360	4	0
0	7719	5360	4	0
0	7719	5360	4	0
0	7719	5360	4	0
0	7717	5360	4	2
0	7714	5359	4	4
0	7709	5357	4	6
0	7702	5355	4	8
0	7694	5352	4	9
0	7684	5346	4	11
0	7671	5343	4	13
0	7656	5343	4	14
0	7641	5345	4	14
0	7627	5349	4	14
0	7612	5354	4	14
0	7600	5362	6	14
0	7587	5370	6	14
0	7575	5378	6	14
0	7562	5386	6	14
0	7550	5394	6	13
0	7540	5401	6	10
0	7533	5406	6	7
0	7528	5409	6	4
0	7525	5411	6	2
0	7525	5411	6	0
0	7525	5411	6	0
0	7525	5411	6	0
0	7525	5411	6	0
0	7525	5411	6	0
0	7525	5411	6	0
0	7525	5411	6	0
0	7525	5411	6	0
0	7525	5411	6	0
0	7525	5411	6	0
0	7525	5411	6	0
0	7525	5411	6	0
0	7525	5411	6	0
0	7525	5411	6	0
0	7525	5411	6	0
0	7525	5411	6	0
0	7525	5411	6	0
0	7525	5411	6	0
0	7525	5411	6	0
0	7525	5411	6	0
0	7524	5412	6	2
0	7521	5414	6	4
0	7517	5417	6	6
0	7511	5421	6	8
0	7505	5428	6	10
0	7494	5431	4	12
0	7481	5430	4	12
0	7470	5430	4	8
0	7463	5429	4	6
0	7458	5429	4	3
0	7455	5429	4	1
0	7454	5429	4	0
0	7454	5429	4	0
0	7453	5429	4	0
0	7453	5429	4	0
0	7453	5429	4	0
0	7453	5429	4	0
0	7453	5429	4	0
0	7453	5429	4	0
0	7453	5429	4	0
0	7453	5429	4	0
0	7453	5429	4	0
0	7453	5429	4	0
0	7453	5429	4	0
0	7453	5429	4	0
0	7453	5429	4	0
0	7453	5429	4	0
0	7453	5429	4	0
0	7453	5429	4	0
0	7453	5429	4	0
0	7453	5429	4	0
0	7453	5429	4	0
0	7453	5429	4	0
0	7453	5429	4	0
0	7453	5429	4	0
0	7453	5429	4	0
0	7453	5429	4	0
0	7453	5429	4	0
0	7453	5429	4	0
0	7453	5429	4	0
0	7453	5429	4	0
0	7453	5429	4	0
0	7453	5429	4	0
0	7453	5429	4	0
0	7453	5429	4	0
0	7453	5429	4	0
0	7453	5429	4	0
0	7453	5429	4	0
0	7453	5429	4	0
0	7453	5429	4	0
0	7453	5429	4	0
0	7453	5429	4	0
0	7453	5429	4	0
0	7453	5429	4	0
0	7452	5429	4	2
0	7448	5429	4	5
0	7442	5430	4	6
0	7434	5436	6	8
0	7429	5446	6	10
0	7427	5457	7	12
0	7425	5471	7	14
0	7422	5486	7	14
0	7420	5500	7	14
0	7417	5515	7	14
0	7415	5530	7	14
0	7412	5544	7	14
0	7408	5559	7	14
0	7402	5567	6	14
0	7396	5554	4	14
0	7389	5541	4	14
0	7383	5527	4	14
0	7376	5514	4	13
0	7371	5504	4	10
0	7367	5496	4	7
0	7365	5491	4	4
0	7363	5488	4	2
0	7363	5486	4	1
0	7362	5486	4	0
0	7362	5485	4	0
0	7361	5484	4	2
0	7360	5480	4	4
0	7357	5475	4	6
0	7354	5468	4	8
0	7349	5459	4	10
0	7344	5449	4	12
0	7338	5437	4	14
0	7332	5424	4	14
0	7325	5411	4	14
0	7319	5397	4	14
0	7312	5384	4	13
0	7307	5373	4	10
0	7303	5365	4	7
0	7301	5360	4	4
0	7299	5357	4	2
0	7299	5356	4	0
0	7299	5356	4	0
0	7299	5356	4	0
0	7299	5356	4	0
0	7299	5356	4	0
0	7299	5356	4	0
0	7299	5356	4	0
0	7299	5356	4	0
0	7299	5356	4	0
0	7299	5356	4	0
0	7299	5356	4	0
0	7299	5356	4	0
0	7299	5356	4	0
0	7299	5356	4	0
0	7299	5356	4	0
0	7299	5356	4	0
0	7299	5356	4	0
0	7299	5356	4	0
0	7299	5356	4	0
0	7299	5356	4	0
0	7298	5355	4	2
0	7297	5352	4	4
0	7295	5349	4	2
0	7295	5347	4	1
0	7294	5346	4	0
0	7294	5346	4	0
0	7294	5346	4	0
0	7294	5346	4	0
0	7294	5346	4	0
0	7294	5346	4	0
0	7294	5346	4	0
0	7294	5346	4	0
0	7294	5346	4	0
0	7294	5346	4	0
0	7294	5346	4	0
0	7294	5346	4	0
0	7294	5346	4	0
0	7294	5346	4	0
0	7294	5346	4	0
0	7294	5346	4	0
0	7294	5346	4	0
0	7294	5346	4	0
0	7294	5346	4	0
0	7294	5346	4	0
0	7294	5346	4	0
0	7293	5345	4	2
0	7292	5341	4	4
0	7289	5336	4	6
0	7286	5330	4	8
0	7282	5321	4	10
0	7277	5311	4	12
0	7271	5299	4	14
0	7265	5286	4	14
0	7258	5273	4	14
0	7252	5259	4	14
0	7245	5246	4	14
0	7238	5233	4	14
0	7232	5220	4	14
0	7225	5206	4	14
0	7218	5193	4	14
0	7211	5180	4	14
0	7205	5167	4	14
0	7198	5153	4	14
0	7191	5140	4	14
0	7185	5127	4	14
0	7178	5113	4	14
0	7171	5100	4	14
0	7165	5087	4	13
0	7159	5077	4	10
0	7155	5069	4	7
0	7153	5064	4	4
0	7151	5061	4	2
0	7151	5061	4	0
0	7151	5061	4	0
0	7151	5061	4	0
0	7151	5061	4	0
0	7151	5061	4	0
0	7151	5061	4	0
0	7151	5061	4	0
0	7151	5061	4	0
0	7151	5061	4	0
0	7151	5061	4	0
0	7151	5061	4	0
0	7151	5061	4	0
0	7151	5061	4	0
0	7151	5061	4	0
0	7151	5061	4	0
0	7151	5061	4	0
0	7151	5061	4	0
0	7151	5061	4	0
0	7151	5061	4	0
0	7151	5061	4	0
0	7150	5059	4	2
0	7149	5056	4	4
0	7147	5052	4	6
0	7143	5045	4	8
0	7139	5037	4	10
0	7134	5027	4	12
0	7127	5015	4	14
0	7120	5002	4	14
0	7114	4988	4	14
0	7107	4976	4	13
0	7101	4965	4	10
0	7097	4958	4	7
0	7095	4953	4	4
0	7093	4950	4	2
0	7092	4949	4	1
0	7092	4948	4	0
0	7092	4948	4	0
0	7092	4948	4	0
0	7092	4948	4	0
0	7092	4948	4	0
0	7092	4948	4	0
0	7092	4948	4	0
0	7092	4948	4	0
0	7092	4948	4	0
0	7092	4948	4	0
0	7092	4948	4	0
0	7092	4948	4	0
0	7092	4948	4	0
0	7092	4948	4	0
0	7092	4948	4	0
0	7092	4948	4	0
0	7092	4948	4	0
0	7092	4948	4	0
0	7091	4947	4	2
0	7089	4943	4	4
0	7087	4938	4	6
0	7083	4932	4	8
0	7079	4923	4	10
0	7075	4913	3	12
0	7070	4901	3	13
0	7065	4887	3	14
0	7059	4874	3	14
0	7054	4860	3	14
0	7048	4846	3	14
0	7042	4832	3	14
0	7037	4818	3	14
0	7031	4805	3	14
0	7026	4791	3	14
0	7020	4777	3	14
0	7014	4763	3	14
0	7009	4749	3	14
0	7003	4736	3	13
0	6999	4726	3	9
0	6996	4718	3	6
0	6994	4713	3	4
0	6993	4710	3	2
0	6992	4708	3	1
0	6992	4708	3	0
0	6992	4707	3	0
0	6992	4707	3	0
0	6992	4707	3	0
0	6992	4707	3	0
0	6992	4707	3	0
0	6992	4707	3	0
0	6992	4707	3	0
0	6992	4707	3	0
0	6992	4707	3	0
0	6992	4707	3	0
0	6992	4707	3	0
0	6992	4707	3	0
0	6992	4707	3	0
0	6992	4707	3	0
0	6992	4707	3	0
0	6992	4707	3	0
0	6992	4707	3	0
0	6992	4707	3	0
0	6992	4707	3	0
0	6992	4707	3	0
0	6992	4707	3	0
0	6992	4707	3	0
0	6992	4707	3	0
0	6992	4707	3	0
0	6992	4707	3	0
0	6992	4707	3	0
0	6992	4707	3	0
0	6992	4707	3	0
0	6992	4707	3	0
0	6992	4707	3	0
0	6992	4707	3	0
0	6992	4707	3	0
0	6992	4707	3	0
0	6992	4707	3	0
0	6992	4707	3	0
0	6991	4706	3	2
0	6990	4703	3	4
0	6989	4697	3	6
0	6986	4691	3	8
0	6984	4682	3	10
0	6982	4671	3	11
0	6980	4658	3	13
0	6978	4644	3	14
0	6978	4629	3	14
0	6977	4615	3	14
0	6976	4600	3	14
0	6976	4585	3	14
0	6988	4579	8	14
0	7003	4577	8	14
0	7017	4573	8	14
0	7030	4563	2	14
0	7034	4550	3	12
0	7033	4539	3	9
0	7033	4532	3	6
0	7033	4527	3	3
0	7033	4524	3	0
0	7033	4524	3	0
0	7033	4524	3	0
0	7033	4524	3	0
0	7033	4524	3	0
0	7033	4524	3	0
0	7033	4524	3	0
0	7033	4524	3	0
0	7033	4524	3	0
0	7033	4524	3	0
0	7033	4524	3	0
0	7033	4524	3	0
0	7033	4524	3	0
0	7033	4524	3	0
0	7033	4524	3	0
0	7033	4524	3	0
0	7033	4524	3	0
0	7033	4524	3	0
0	7033	4524	3	0
0	7033	4524	3	0
0	7033	4524	3	0
0	7033	4522	3	2
0	7029	4517	3	4
0	7029	4511	3	6
0	7029	4503	3	8
0	7028	4494	3	10
0	7027	4482	3	12
0	7026	4468	3	14
0	7025	4454	3	14
0	7025	4439	3	14
0	7024	4425	3	12
0	7024	4415	3	9
0	7024	4407	3	6
0	7023	4403	3	3
0	7022	4399	3	5
0	7017	4395	4	7
0	7010	4393	4	8
0	7000	4392	4	11
0	6988	4390	4	12
0	6977	4388	4	9
0	6969	4387	4	6
0	6964	4387	4	4
0	6960	4388	4	5
0	6956	4393	6	7
0	6952	4401	6	9
0	6953	4411	7	10
0	6950	4423	7	12
0	6951	4437	7	14
0	6952	4452	7	14
0	6953	4467	7	14
0	6953	4482	7	14
0	6954	4497	7	14
0	6955	4512	7	14
0	6956	4527	7	14
0	6957	4541	7	14
0	6958	4556	7	14
0	6957	4569	7	13
0	6944	4575	6	14
0	6929	4578	4	14
0	6915	4580	4	14
0	6900	4582	4	14
0	6885	4584	4	14
0	6872	4586	4	12
0	6862	4588	4	8
0	6855	4589	4	5
0	6850	4590	4	3
0	6848	4590	4	1
0	6847	4590	4	0
0	6846	4590	4	0
0	6846	4590	4	0
0	6846	4590	4	0
0	6846	4590	4	0
0	6846	4590	4	0
0	6846	4590	4	0
0	6846	4590	4	0
0	6846	4590	4	0
0	6846	4590	4	0
0	6846	4590	4	0
0	6846	4590	4	0
0	6846	4590	4	0
0	6844	4591	4	2
0	6841	4591	4	4
0	6836	4592	4	6
0	6829	4593	4	7
0	6820	4595	4	9
0	6810	4597	4	11
0	6797	4599	4	13
0	6783	4605	4	14
0	6769	4607	4	14
0	6754	4610	4	14
0	6739	4613	4	14
0	6725	4615	4	14
0	6710	4618	4	14
0	6696	4621	4	14
0	6681	4623	4	14
0	6666	4626	4	14
0	6652	4629	4	14
0	6637	4631	4	14
0	6622	4634	4	14
0	6608	4637	4	14
0	6593	4639	4	14
0	6578	4642	4	14
0	6564	4645	4	14
0	6550	4648	4	14
0	6535	4652	4	14
0	6521	4656	4	14
0	6506	4659	4	14
0	6492	4663	4	14
0	6479	4669	6	14
0	6475	4684	7	14
0	6477	4699	7	14
0	6480	4714	7	14
0	6482	4728	7	14
0	6481	4744	7	14
0	6483	4758	7	14
0	6486	4773	7	14
0	6488	4788	7	14
0	6490	4802	7	14
0	6493	4817	7	14
0	6495	4832	7	14
0	6498	4846	7	14
0	6500	4861	7	14
0	6503	4876	7	14
0	6501	4890	7	14
0	6500	4903	7	12
0	6499	4913	7	8
0	6499	4921	7	6
0	6499	4925	7	3
0	6499	4927	7	0
0	6499	4927	7	0
0	6499	4927	7	0
0	6499	4927	7	0
0	6499	4927	7	0
0	6499	4927	7	0
0	6499	4927	7	0
0	6499	4927	7	0
0	6499	4927	7	0
0	6499	4927	7	0
0	6499	4927	7	0
0	6499	4927	7	0
0	6499	4927	7	0
0	6499	4927	7	0
0	6499	4927	7	0
0	6499	4927	7	0
0	6499	4927	7	0
0	6499	4927	7	0
0	6499	4927	7	0
0	6499	4927	7	0
0	6499	4928	7	0
0	6498	4930	7	3
0	6498	4934	7	5
0	6497	4940	7	7
0	6496	4948	7	9
0	6495	4959	7	11
0	6495	4970	7	10
0	6495	4978	7	7
0	6494	4984	7	4
0	6494	4987	7	2
0	6494	4989	7	1
0	6494	4990	7	0
0	6494	4991	7	2
0	6493	4995	7	4
0	6493	5001	7	6
0	6492	5009	7	8
0	6492	5019	7	10
0	6492	5031	7	12
0	6492	5044	7	14
0	6492	5059	7	14
0	6492	5074	7	14
0	6493	5089	7	14
0	6493	5104	7	14
0	6493	5119	7	14
0	6496	5134	7	14
0	6498	5148	7	14
0	6501	5163	7	14
0	6504	5178	7	14
0	6508	5192	7	14
0	6513	5206	7	14
0	6517	5220	7	14
0	6521	5234	7	14
0	6526	5249	7	14
0	6530	5263	7	14
0	6534	5277	7	14
0	6538	5291	7	14
0	6541	5306	7	14
0	6542	5321	7	14
0	6544	5336	7	14
0	6547	5350	7	14
0	6548	5365	7	14
0	6545	5379	7	14
0	6542	5393	7	14
0	6537	5407	7	14
0	6532	5421	7	14
0	6528	5435	7	14
0	6523	5449	7	14
0	6518	5463	7	14
0	6513	5477	7	14
0	6508	5491	7	14
0	6503	5505	7	14
0	6498	5519	7	14
0	6492	5533	7	14
0	6487	5546	7	13
0	6483	5557	7	10
0	6480	5565	7	7
0	6478	5570	7	4
0	6477	5573	7	2
0	6477	5574	7	0
0	6477	5574	7	0
0	6477	5574	7	0
0	6477	5574	7	0
0	6477	5574	7	0
0	6477	5574	7	0
0	6477	5574	7	0
0	6477	5574	7	0
0	6477	5574	7	0
0	6477	5574	7	0
0	6477	5574	7	0
0	6477	5574	7	0
0	6477	5574	7	0
0	6477	5574	7	0
0	6477	5574	7	0
0	6477	5574	7	0
0	6477	5574	7	0
0	6477	5574	7	0
0	6477	5574	7	0
0	6477	5574	7	0
0	6476	5575	7	2
0	6475	5578	7	4
0	6476	5585	7	6
0	6473	5592	7	8
0	6470	5601	7	10
0	6466	5611	7	12
0	6462	5624	7	14
0	6456	5638	7	14
0	6451	5652	7	14
0	6445	5665	7	14
0	6439	5679	7	14
0	6433	5693	6	14
0	6426	5705	6	13
0	6418	5713	6	10
0	6411	5719	6	7
0	6407	5722	6	4
0	6404	5724	6	2
0	6402	5725	6	1
0	6402	5726	6	0
0	6402	5726	6	0
0	6401	5726	6	0
0	6401	5726	6	0
0	6401	5726	6	0
0	6401	5726	6	0
0	6401	5726	6	0
0	6401	5726	6	0
0	6401	5726	6	0
0	6401	5726	6	0
0	6401	5726	6	0
0	6401	5726	6	0
0	6401	5726	6	0
0	6401	5726	6	0
0	6401	5726	6	0
0	6401	5726	6	0
0	6401	5726	6	0
0	6401	5726	6	0
0	6401	5726	6	0
0	6401	5726	6	0
0	6401	5726	6	0
0	6401	5726	6	0
0	6401	5726	6	0
0	6401	5726	6	0
0	6401	5726	6	0
0	6401	5726	6	0
0	6401	5726	6	0
0	6401	5726	6	0
0	6401	5726	6	0
0	6401	5726	6	0
0	6401	5726	6	0
0	6401	5726	6	0
0	6401	5726	6	0
0	6401	5726	6	0
0	6401	5726	6	0
0	6401	5726	6	0
0	6401	5726	6	0
0	6401	5726	6	0
0	6401	5726	6	0
0	6401	5726	6	0
0	6401	5726	6	0
0	6401	5726	6	0
0	6401	5726	6	0
0	6401	5726	6	0
0	6401	5726	6	0
0	6401	5726	6	0
0	6401	5726	6	0
0	6401	5726	6	0
0	6401	5726	6	0
0	6401	5726	6	0
0	6401	5726	6	0
0	6400	5727	6	2
0	6397	5729	6	4
0	6393	5732	6	6
0	6388	5738	6	8
0	6382	5745	6	10
0	6376	5755	6	12
0	6370	5767	6	13
0	6363	5780	6	14
0	6357	5793	6	14
0	6351	5806	6	13
0	6347	5817	7	10
0	6345	5825	7	7
0	6343	5831	7	4
0	6342	5834	7	2
0	6342	5836	7	1
0	6342	5836	7	0
0	6342	5837	7	0
0	6342	5837	7	0
0	6342	5837	7	0
0	6342	5837	7	0
0	6342	5837	7	0
0	6342	5837	7	0
0	6342	5837	7	0
0	6342	5837	7	0
0	6342	5837	7	0
0	6341	5838	7	2
0	6340	5842	7	4
0	6339	5847	7	6
0	6336	5854	7	8
0	6334	5862	7	10
0	6330	5873	7	12
0	6323	5885	7	14
0	6319	5899	7	14
0	6315	5913	7	14
0	6312	5928	7	14
0	6310	5943	7	14
0	6307	5958	7	14
0	6305	5973	7	14
0	6304	5987	7	14
0	6302	6002	7	14
0	6300	6017	7	14
0	6299	6032	7	14
0	6297	6046	7	14
0	6295	6060	7	11
0	6293	6070	7	8
0	6292	6077	7	5
0	6291	6081	7	3
0	6291	6083	7	0
0	6291	6083	7	0
0	6291	6083	7	0
0	6291	6083	7	0
0	6291	6083	7	0
0	6291	6083	7	0
0	6291	6083	7	0
0	6291	6083	7	0
0	6291	6083	7	0
0	6291	6083	7	0
0	6291	6083	7	0
0	6291	6083	7	0
0	6291	6083	7	0
0	6291	6083	7	0
0	6291	6083	7	0
0	6291	6083	7	0
0	6291	6083	7	0
0	6291	6083	7	0
0	6291	6083	7	0
0	6291	6083	7	0
0	6291	6083	7	1
0	6290	6086	7	3
0	6290	6090	7	5
0	6289	6096	7	6
0	6287	6104	7	8
0	6286	6114	7	10
0	6284	6126	7	13
0	6281	6139	7	14
0	6279	6154	7	14
0	6276	6169	7	14
0	6274	6184	7	14
0	6262	6187	4	14
0	6248	6185	4	14
0	6233	6184	4	14
0	6218	6182	4	14
0	6203	6181	4	14
0	6189	6180	4	12
0	6179	6179	4	9
0	6171	6178	4	6
0	6166	6178	4	3
0	6164	6177	4	0
0	6164	6177	4	0
0	6164	6177	4	0
0	6164	6177	4	0
0	6164	6177	4	0
0	6164	6177	4	0
0	6164	6177	4	0
0	6164	6177	4	0
0	6164	6177	4	0
0	6164	6177	4	0
0	6164	6177	4	0
0	6164	6177	4	0
0	6164	6177	4	0
0	6164	6177	4	0
0	6164	6177	4	0
0	6164	6177	4	0
0	6164	6177	4	0
0	6164	6177	4	0
0	6164	6177	4	0
0	6164	6177	4	0
0	6164	6177	4	0
0	6162	6177	4	2
0	6157	6180	4	4
0	6151	6180	4	6
0	6143	6179	4	9
0	6133	6179	4	11
0	6120	6178	4	12
0	6106	6178	4	14
0	6093	6177	4	11
0	6084	6177	4	8
0	6077	6176	4	5
0	6073	6175	4	3
0	6068	6174	4	6
0	6061	6172	4	7
0	6053	6175	4	9
0	6043	6179	6	11
0	6031	6183	4	13
0	6018	6188	4	15
0	6002	6192	4	17
0	5985	6198	4	17
0	5968	6203	4	17
0	5951	6208	4	17
0	5934	6213	4	17
0	5917	6219	4	17
0	5899	6224	6	17
0	5883	6231	6	17
0	5867	6238	6	17
0	5850	6245	6	17
0	5834	6253	6	17
0	5818	6261	6	17
0	5802	6270	6	17
0	5787	6279	6	17
0	5772	6289	6	17
0	5757	6298	6	17
0	5742	6308	6	17
0	5729	6316	6	13
0	5719	6323	6	10
0	5712	6328	6	7
0	5707	6331	6	4
0	5704	6333	6	2
0	5704	6333	6	0
0	5704	6333	6	0
0	5704	6333	6	0
0	5704	6333	6	0
0	5704	6333	6	0
0	5704	6333	6	0
0	5704	6333	6	0
0	5704	6333	6	0
0	5704	6333	6	0
0	5704	6333	6	0
0	5704	6333	6	0
0	5704	6333	6	0
0	5704	6333	6	0
0	5704	6333	6	0
0	5704	6333	6	0
0	5704	6333	6	0
0	5704	6333	6	0
0	5704	6333	6	0
0	5704	6333	6	0
0	5704	6333	6	0
0	5703	6334	6	1
0	5700	6335	6	3
0	5696	6338	6	5
0	5690	6342	6	7
0	5683	6346	6	9
0	5674	6352	6	11
0	5664	6358	6	13
0	5652	6366	6	15
0	5638	6375	6	17
0	5623	6384	6	17
0	5608	6394	6	17
0	5593	6404	6	17
0	5578	6413	6	17
0	5563	6423	6	17
0	5548	6433	6	17
0	5533	6442	6	17
0	5517	6452	6	17
0	5502	6462	6	17
0	5488	6472	6	17
0	5474	6483	6	17
0	5460	6495	6	17
0	5447	6508	6	17
0	5435	6521	6	17
0	5424	6535	6	17
0	5415	6551	6	17
0	5407	6567	6	17
0	5401	6583	7	15
0	5399	6597	7	12
0	5398	6607	7	8
0	5397	6614	7	6
0	5397	6619	7	3
0	5398	6621	7	0
0	5398	6621	7	0
0	5398	6621	7	0
0	5398	6621	7	0
0	5398	6621	7	0
0	5398	6621	7	0
0	5398	6621	7	0
0	5398	6621	7	0
0	5398	6621	7	0
0	5398	6621	7	0
0	5398	6621	7	0
0	5398	6621	7	0
0	5398	6621	7	0
0	5398	6621	7	0
0	5398	6621	7	0
0	5398	6621	7	0
0	5398	6621	7	0
0	5398	6621	7	0
0	5398	6621	7	0
0	5398	6621	7	0
0	5401	6621	7	0
0	5401	6623	7	3
0	5403	6627	7	5
0	5404	6633	7	6
0	5405	6639	7	5
0	5406	6643	7	3
0	5407	6645	7	1
0	5407	6646	7	0
0	5407	6647	7	0
0	5407	6647	7	0
0	5407	6647	7	0
0	5407	6647	7	0
0	5407	6647	7	0
0	5407	6647	7	0
0	5407	6647	7	0
0	5407	6647	7	0
0	5407	6647	7	0
0	5407	6647	7	0
0	5407	6647	7	0
0	5407	6647	7	0
0	5407	6647	7	0
0	5407	6647	7	0
0	5407	6647	7	0
0	5407	6647	7	0
0	5407	6647	7	0
0	5407	6647	7	0
0	5407	6647	7	0
0	5407	6647	7	0
0	5407	6647	7	0
0	5407	6647	7	0
0	5408	6648	7	2
0	5408	6652	7	4
0	5410	6657	7	6
0	5411	6664	7	8
0	5414	6674	7	10
0	5413	6686	7	12
0	5416	6699	7	14
0	5420	6713	7	16
0	5425	6730	7	17
0	5430	6747	7	17
0	5435	6765	7	17
0	5439	6782	7	17
0	5443	6799	7	17
0	5447	6815	7	15
0	5450	6828	7	11
0	5453	6838	7	8
0	5454	6845	7	5
0	5455	6849	7	3
0	5456	6850	7	0
0	5456	6850	7	0
0	5456	6850	7	0
0	5456	6850	7	0
0	5456	6850	7	0
0	5456	6850	7	0
0	5456	6850	7	0
0	5456	6850	7	0
0	5456	6850	7	0
0	5456	6850	7	0
0	5456	6850	7	0
0	5456	6850	7	0
0	5456	6850	7	0
0	5456	6850	7	0
0	5456	6850	7	0
0	5456	6850	7	0
0	5456	6850	7	0
0	5456	6850	7	0
0	5456	6850	7	0
0	5456	6850	7	0
0	5456	6851	7	1
0	5456	6853	7	3
0	5460	6856	7	5
0	5462	6862	7	7
0	5464	6871	7	9
0	5467	6881	7	11
0	5471	6893	7	13
0	5476	6907	7	15
0	5481	6924	7	17
0	5484	6939	7	13
0	5486	6951	7	10
0	5486	6960	7	7
0	5486	6966	7	4
0	5487	6970	7	4
0	5490	6975	7	6
0	5496	6979	8	8
0	5503	6986	8	10
0	5509	6996	8	12
0	5516	7008	8	14
0	5523	7021	8	14
0	5531	7033	8	14
0	5538	7046	8	14
0	5546	7059	8	14
0	5553	7072	8	14
0	5560	7085	8	14
0	5566	7099	8	14
0	5573	7112	8	14
0	5579	7126	8	14
0	5585	7139	8	14
0	5592	7152	8	13
0	5597	7162	8	9
0	5600	7170	8	6
0	5603	7174	8	4
0	5604	7178	8	5
0	5608	7183	8	7
0	5615	7181	8	9
0	5623	7174	2	11
0	5633	7166	2	13
0	5644	7156	2	14
0	5655	7147	2	14
0	5666	7137	2	14
0	5677	7127	2	14
0	5688	7117	2	14
0	5700	7107	2	14
0	5711	7098	2	14
0	5722	7088	2	14
0	5733	7078	2	14
0	5744	7068	2	14
0	5756	7059	2	14
0	5767	7049	2	14
0	5779	7040	2	14
0	5790	7030	2	14
0	5802	7021	2	14
0	5813	7012	2	14
0	5825	7002	2	14
0	5836	6993	2	14
0	5847	6983	2	14
0	5859	6973	2	14
0	5871	6965	2	14
0	5884	6958	2	14
0	5898	6953	8	14
0	5913	6949	8	14
0	5927	6944	8	14
0	5941	6940	8	14
0	5955	6936	8	14
0	5969	6932	8	14
0	5984	6927	8	14
0	5998	6923	8	14
0	6012	6918	8	14
0	6026	6913	8	14
0	6040	6909	8	14
0	6054	6903	2	14
0	6067	6897	2	12
0	6077	6892	2	9
0	6084	6889	2	6
0	6088	6887	2	4
0	6091	6885	2	1
0	6091	6885	2	0
0	6091	6885	2	0
0	6091	6885	2	0
0	6091	6885	2	0
0	6091	6885	2	0
0	6091	6885	2	0
0	6091	6885	2	0
0	6091	6885	2	0
0	6091	6885	2	0
0	6091	6885	2	0
0	6091	6885	2	0
0	6091	6885	2	0
0	6091	6885	2	0
0	6091	6885	2	0
0	6091	6885	2	0
0	6091	6885	2	0
0	6091	6885	2	0
0	6091	6885	2	0
0	6091	6885	2	0
0	6091	6885	2	0
0	6092	6884	2	2
0	6095	6883	2	4
0	6100	6880	2	6
0	6107	6877	2	8
0	6115	6873	2	8
0	6121	6869	2	5
0	6124	6867	2	3
0	6129	6865	2	5
0	6135	6865	8	7
0	6144	6863	8	9
0	6155	6863	8	10
0	6164	6864	8	8
0	6173	6864	8	10
0	6182	6859	2	12
0	6184	6846	3	14
0	6186	6831	3	14
0	6191	6817	3	14
0	6193	6802	3	14
0	6195	6787	3	14
0	6198	6772	3	14
0	6200	6758	3	14
0	6202	6743	3	14
0	6204	6728	3	14
0	6206	6713	3	14
0	6208	6699	3	14
0	6211	6684	3	14
0	6213	6669	3	14
0	6215	6655	3	14
0	6221	6640	3	14
0	6223	6626	3	14
0	6225	6611	3	14
0	6227	6596	3	14
0	6229	6582	3	14
0	6231	6567	3	14
0	6233	6554	3	11
0	6234	6545	3	8
0	6235	6538	3	5
0	6236	6534	3	3
0	6236	6532	3	1
0	6236	6531	3	0
0	6236	6531	3	0
0	6237	6531	3	0
0	6237	6529	3	2
0	6237	6525	3	4
0	6238	6520	3	6
0	6239	6512	3	8
0	6241	6502	3	10
0	6243	6490	3	13
0	6245	6476	3	12
0	6247	6466	3	9
0	6248	6458	3	6
0	6249	6453	3	4
0	6250	6450	3	1
0	6250	6450	3	0
0	6250	6450	3	0
0	6250	6450	3	0
0	6250	6450	3	0
0	6250	6450	3	0
0	6250	6450	3	0
0	6250	6450	3	0
0	6250	6450	3	0
0	6250	6450	3	0
0	6250	6450	3	0
0	6250	6450	3	0
0	6250	6450	3	0
0	6250	6450	3	0
0	6250	6450	3	0
0	6250	6450	3	0
0	6250	6450	3	0
0	6250	6450	3	0
0	6250	6450	3	0
0	6250	6450	3	0
0	6250	6450	3	0
0	6250	6448	3	2
0	6251	6444	3	4
0	6251	6439	3	6
0	6253	6431	3	8
0	6254	6422	3	10
0	6256	6410	3	11
0	6258	6400	3	8
0	6259	6393	3	5
0	6260	6389	3	3
0	6260	6386	3	1
0	6261	6385	3	0
0	6261	6385	3	0
0	6261	6384	3	0
0	6261	6384	3	0
0	6261	6383	3	2
0	6263	6381	3	4
0	6268	6383	8	6
0	6275	6386	8	8
0	6283	6392	8	10
0	6292	6399	8	12
0	6303	6407	8	14
0	6315	6417	8	14
0	6326	6426	8	14
0	6338	6435	8	14
0	6349	6444	8	14
0	6361	6454	8	14
0	6373	6463	8	14
0	6384	6472	8	14
0	6396	6481	8	14
0	6408	6490	8	14
0	6419	6500	8	14
0	6431	6509	8	14
0	6442	6519	8	14
0	6454	6528	8	14
0	6465	6538	8	14
0	6476	6547	8	14
0	6488	6557	8	14
0	6499	6566	8	14
0	6509	6576	8	12
0	6517	6583	8	9
0	6523	6589	8	6
0	6526	6592	8	3
0	6529	6594	8	1
0	6529	6594	8	0
0	6529	6594	8	0
0	6529	6594	8	0
0	6529	6594	8	0
0	6529	6594	8	0
0	6529	6594	8	0
0	6529	6594	8	0
0	6529	6594	8	0
0	6529	6594	8	0
0	6529	6594	8	0
0	6529	6594	8	0
0	6529	6594	8	0
0	6529	6594	8	0
0	6529	6594	8	0
0	6529	6594	8	0
0	6529	6594	8	0
0	6529	6594	8	0
0	6529	6594	8	0
0	6529	6594	8	0
0	6529	6594	8	0
0	6530	6595	8	2
0	6533	6598	8	4
0	6537	6601	8	6
0	6542	6607	8	8
0	6550	6613	8	10
0	6559	6620	8	12
0	6570	6628	8	14
0	6583	6635	8	14
0	6596	6642	8	14
0	6609	6649	8	14
0	6622	6655	8	12
0	6632	6660	8	9
0	6640	6663	8	6
0	6644	6665	8	4
0	6647	6667	8	2
0	6648	6667	8	1
0	6649	6668	8	0
0	6649	6668	8	0
0	6649	6668	8	0
0	6649	6668	8	0
0	6649	6668	8	0
0	6649	6668	8	0
0	6649	6668	8	0
0	6649	6668	8	0
0	6649	6668	8	0
0	6649	6668	8	0
0	6649	6668	8	0
0	6649	6668	8	0
0	6649	6668	8	0
0	6649	6668	8	0
0	6649	6668	8	0
0	6649	6668	8	0
0	6649	6668	8	0
0	6649	6668	8	0
0	6649	6668	8	0
0	6649	6668	8	0
0	6649	6668	8	0
0	6649	6668	8	0
0	6649	6668	8	0
0	6649	6668	8	0
0	6649	6668	8	0
0	6649	6668	8	0
0	6649	6668	8	0
0	6649	6668	8	0
0	6649	6668	8	0
0	6649	6668	8	0
0	6649	6668	8	0
0	6649	6668	8	0
0	6649	6668	8	0
0	6649	6668	8	0
0	6649	6668	8	0
0	6649	6668	8	0
0	6649	6668	8	0
0	6649	6668	8	0
0	6649	6668	8	0
0	6649	6668	8	0
0	6649	6668	8	0
0	6649	6668	8	0
0	6649	6668	8	0
0	6649	6668	8	0
0	6649	6668	8	0
0	6649	6668	8	0
0	6649	6668	8	0
0	6649	6668	8	0
0	6649	6668	8	0
0	6649	6668	8	0
0	6651	6669	8	2
0	6654	6670	8	4
0	6659	6673	8	6
0	6666	6676	8	8
0	6675	6680	8	10
0	6685	6684	8	12
0	6697	6690	8	14
0	6711	6696	8	14
0	6724	6702	8	14
0	6738	6707	8	13
0	6749	6711	8	10
0	6757	6713	8	7
0	6762	6715	8	4
0	6765	6716	8	2
0	6766	6716	8	0
0	6766	6716	8	0
0	6766	6716	8	0
0	6766	6716	8	0
0	6766	6716	8	0
0	6766	6716	8	0
0	6766	6716	8	0
0	6766	6716	8	0
0	6766	6716	8	0
0	6766	6716	8	0
0	6766	6716	8	0
0	6766	6716	8	0
0	6766	6716	8	0
0	6766	6716	8	0
0	6766	6716	8	0
0	6766	6716	8	0
0	6766	6716	8	0
0	6766	6716	8	0
0	6766	6716	8	0
0	6766	6716	8	0
0	6769	6713	8	2
0	6772	6714	8	4
0	6777	6716	8	6
0	6784	6718	8	8
0	6792	6721	8	10
0	6803	6725	8	11
0	6810	6737	8	14
0	6808	6749	7	14
0	6813	6764	7	14
0	6829	6767	8	14
0	6842	6759	2	14
0	6846	6744	3	14
0	6855	6735	2	14
0	6865	6743	8	14
0	6875	6755	8	14
0	6884	6767	8	14
0	6893	6778	8	14
0	6902	6790	8	14
0	6912	6801	8	14
0	6922	6812	8	14
0	6932	6823	8	14
0	6943	6834	8	14
0	6953	6844	8	14
0	6964	6854	8	14
0	6975	6864	8	14
0	6985	6872	8	10
0	6992	6878	8	7
0	6997	6882	8	5
0	7000	6884	8	2
0	7001	6885	8	0
0	7001	6885	8	0
0	7001	6885	8	0
0	7001	6885	8	0
0	7001	6885	8	0
0	7001	6885	8	0
0	7001	6885	8	0
0	7001	6885	8	0
0	7001	6885	8	0
0	7001	6885	8	0
0	7001	6885	8	0
0	7001	6885	8	0
0	7001	6885	8	0
0	7001	6885	8	0
0	7001	6885	8	0
0	7001	6885	8	0
0	7001	6885	8	0
0	7001	6885	8	0
0	7001	6885	8	0
0	7001	6885	8	0
0	7002	6886	8	1
0	7004	6887	8	3
0	7008	6890	8	5
