1073.7771328393137 1004.1816121120646 27.23574025974026 863.1456818368686 1
1073.7771328393137 1004.1816121120646 27.23574025974026 863.8011222654545 1
1073.7771328393137 1176.4731444517747 24.317625231910945 814.0112015408508 1
991.9829884313513 95046.61129604322 94321.15416322481 95198.87105724262 3 5 1
934.4713154402561 0.0 0.0 0.0 0 1 1
0.0 0.0 0.0 0.0 0 0 1
0.0 0.0 0.0 0.0 0 0 1
0.0 0.0 0.0 0.0 0 0 1
1032.756778748124 367411.510807334 354393.80303599325 367385.4617999266 2 2 1
0.0 0.0 0.0 0.0 0 0 1
0.0 0.0 0.0 0.0 0 0 1
0.0 0.0 0.0 0.0 0 0 1
1032.756778748124 367411.510807334 354393.80303599325 367385.4617999266 2 2 1
