1065.0269182238637 3624.896797656746 500.0 1163.3388519350267 1
1065.0269182238637 3624.896797656746 203.08340727595387 1163.3388519350267 1
1065.0269182238637 3709.9396400694386 76.03866251168294 1163.3388519350267 1
1026.7478018375405 1439.9116384800072 56.38269009904542 921.348705305941 1
991.9829884313513 0.0 0.0 0.0 0 5 1
991.9829884313513 5163.103793561207 303.90021420541336 5137.233047236846 3 4 1
991.9829884313513 8448.263414374922 687.6249980480255 8555.341892065799 3 4 1
991.9829884313513 5371.82593965773 148.1476420140505 5137.252980454902 3 4 1
991.9829884313513 8557.692177155715 134.71619833796674 8555.356840978113 3 4 1
800.0 5339.83210049882 313.14184428453854 5137.070273403467 3 4 1
800.0 8503.403505470487 272.2757923148301 8555.174133926675 3 4 1
800.0 5339.83210049882 313.14184428453854 5137.070273403467 3 4 1
800.0 5529.218352472216 150.1729760765292 5137.065290031035 3 4 1
800.0 5140.493835758903 811.6695820910003 5137.080240182095 3 4 1
800.0 5169.27720048948 1811.684532544692 5137.095190635812 3 4 1
800.0 5216.390882334458 478.3312653514634 5137.075256775898 3 4 1
800.0 5227.919236649119 531.7056250321912 5091.017548841722 1 1 1
934.4713154402561 6006.0 397.234309591935 5091.017548841722 1 1 1
991.9829884313513 6100.833095062912 148.1476420140505 5137.252980454902 3 4 1
991.9829884313513 5424.439631311204 148.1476420140505 5137.252980454902 3 4 1
991.9829884313513 5221.885908602329 619.8693007110851 5137.262947233531 3 4 1
991.9829884313513 8623.004837411165 1020.9882295199204 8555.3717902044 3 4 1
991.9829884313513 8622.989888184879 1687.639946960301 8555.356840978113 3 4 1
991.9829884313513 5221.880925196126 1953.197650638215 5137.257963827334 3 4 1
991.9829884313513 991.9829884313513 30.002545619459905 493.15186827399003 3 4 1
991.9829884313513 1000.9293206036091 41.36983248147747 815.2016066337741 3 4 1
991.9829884313513 991.9829884313513 30.002545619459905 493.15186827399003 3 4 1
991.9829884313513 35660.372830159125 1725.02288893455 35575.74986879031 3 4 1
991.9829884313513 59353.81167713882 1418.4617359142478 59286.178629932016 3 4 1
1092.8655025782452 57834.17391100167 12108.88095808327 56815.88396530601 3 5 1
1092.8655025782452 34177.698491143645 8462.391976320485 34123.36772533039 3 5 1
1092.8655025782452 8618.68073285468 4903.374218031521 8574.349374536827 3 5 1
1092.8655025782452 5232.785075363732 4184.145227207239 5178.454309550505 3 5 1
1092.8655025782452 1092.8655025782452 26.19818824984539 889.1862355823545 3 5 1
1092.8655025782452 1092.8655025782452 26.19818824984539 567.3356686420329 3 5 1
1768.5848041251982 8618.68073285468 4227.654916484568 8574.349374536827 3 5 1
6892.8655025782455 9559.532169244912 26.19818824984539 8574.349374536827 3 5 1
6892.8655025782455 11226.198835911578 26.19818824984539 8574.331143733289 3 5 1
534.2924020626039 8618.662502051166 3795.2624210769814 8574.331143733289 3 5 1
1092.8655025782452 8618.662502051166 3236.68932056134 8574.331143733289 3 5 1
1092.8655025782452 8618.662502051166 3236.68932056134 8574.331143733289 3 5 1
1092.8655025782452 0.0 0.0 0.0 0 5 1
1092.8655025782452 0.0 0.0 0.0 0 5 1
1092.8655025782452 0.0 0.0 0.0 0 5 1
1092.8655025782452 0.0 0.0 0.0 0 5 1
1092.8655025782452 330.3664006853748 10828.25523043286 56815.86009743582 3 5 1
1092.8655025782452 13722.120078360846 12673.480230204354 56815.86009743582 3 5 1
1092.8655025782452 10388.745363176431 9340.105515019939 56815.79959737951 3 5 1
1092.8655025782452 6388.6957445851585 5340.055896428666 56815.7223413994 3 5 1
1092.8655025782452 5805.137336707131 4756.497488550638 56815.48105269321 3 5 1
1092.8655025782452 5805.137336707131 4756.497488550638 56815.17918494605 3 5 1
1092.8655025782452 12437.244392065195 11375.764837786266 56815.17918494605 3 5 1
1092.8655025782452 58834.15735015395 10775.53106390222 56815.86009743582 3 5 1
1092.8655025782452 34473.9306458937 7081.971026308628 34123.349944713635 3 5 1
1092.8655025782452 10220.194154760256 9161.567868508522 56815.82977554217 3 5 1
1092.8655025782452 10886.869098397496 9828.242812145761 56815.84044661309 3 5 1
1092.8655025782452 58834.15735015395 10775.53106390222 56815.86009743582 3 5 1
0.0 0.0 0.0 0.0 0 1 1
0.0 0.0 0.0 0.0 0 1 1
0.0 0.0 0.0 0.0 0 1 1
0.0 0.0 0.0 0.0 0 1 1
0.0 0.0 0.0 0.0 0 1 1
0.0 0.0 0.0 0.0 0 1 1
1092.8655025782452 1092.8655025782452 26.19818824984539 889.1862355823545 3 5 1
1092.8655025782452 1092.8655025782452 26.19818824984539 889.1862355823545 3 5 1
1008.6060591720117 1254.127224098697 267.05238825247824 1170.8600321694353 9 31 1
