1065.0269182238637 0.0 0.0 11856.807173267089 1
1065.0269182238637 21892.969000429213 6256.521241546039 12508.263876513623 1
1065.0269182238637 0.0 0.0 12142.505757938798 1
1065.0269182238637 21892.969000429213 6256.521241546039 12508.263876513623 1
1065.0269182238637 21892.969000429213 6256.521241546039 12508.263876513623 1
1065.0269182238637 21892.969000429213 6256.521241546039 12508.263876513623 1
1065.0269182238637 12743.485179903792 6387.361470497467 12183.060498118484 1
1065.0269182238637 5374.8967976567465 500.0 1163.3388519350267 1
1065.0269182238637 3624.896797656746 500.0 1163.3388519350267 1
1065.0269182238637 3709.9396400694386 76.03866251168294 1163.3388519350267 1
1065.0269182238637 12353.314109909916 7484.645350946373 12183.060498118484 1
1065.0269182238637 12353.314109909916 7484.645350946373 12183.060498118484 1
1040.3509128881026 12240.068320346152 7030.986969307697 12142.505757938798 1
1040.3509128881026 12240.068320346152 8432.78164654812 12142.505757938798 1
934.4713154402561 5976.41435544024 41.94304 1016.7972038139296 1
934.4713154402561 5991.7268938529305 57.25557841269841 1386.5033623832146 1
934.4713154402561 5991.7268938529305 57.25557841269841 1386.5033623832146 1
0.0 0.0 0.0 0.0 1
0.0 0.0 0.0 0.0 1
1140.6952464156202 2003.1941733554413 195.83226027314012 1388.949025536603 1
0.0 0.0 0.0 0.0 1
0.0 0.0 0.0 0.0 1
0.0 0.0 0.0 0.0 1
0.0 0.0 0.0 0.0 1
0.0 0.0 0.0 0.0 1
0.0 0.0 0.0 0.0 1
0.0 0.0 0.0 0.0 1
1112.0066974431859 1082.8963740545096 203.7071222839127 1100.577953603871 0
1112.0066974431859 999.3387996352485 203.7071222839127 1100.577953603871 0
1079.5214176677819 1164.2135107882773 49.057188281179144 1107.2025740282638 1
1079.5214176677819 1164.2135107882773 49.057188281179144 1107.2025740282638 1
0.0 982.9625099620304 0.0 0.0 1
1026.7478018375405 1439.9116384800072 56.38269009904542 921.348705305941 1
1026.7478018375405 1439.9116384800072 56.38269009904542 921.348705305941 1
1092.8655025782452 1004.5 26.19818824984539 889.1791646778429 1
1092.8655025782452 1092.8655025782452 26.19818824984539 889.1791646778429 3 5 1
1092.8655025782452 1092.8655025782452 26.19818824984539 889.1791646778429 3 5 1
1092.8655025782452 18227.1546089925 17178.51476083601 18181.928954570754 3 5 1
1092.8655025782452 18227.1546089925 17178.51476083601 18181.928954570754 3 5 1
1092.8655025782452 18227.1546089925 17178.51476083601 18181.928954570754 3 5 1
1092.8655025782452 18227.1546089925 17178.51476083601 18181.928954570754 3 5 1
1092.8655025782452 18227.1546089925 17178.51476083601 18181.928954570754 3 5 1
1092.8655025782452 88890.62372730726 87841.98387915078 88845.39807288548 3 5 1
1092.8655025782452 88890.62372730726 87841.98387915078 88845.39807288548 3 5 1
1092.8655025782452 5676.1661289972735 4627.5262808407815 5630.940474575525 3 5 1
1092.8655025782452 5676.1661289972735 4627.5262808407815 5630.940474575525 3 5 1
1092.8655025782452 88890.62372730726 87841.98387915078 88845.39807288548 3 5 1
0.0 0.0 0.0 0.0 0 0 1
991.9829884313513 95046.61129604322 94321.15416322481 95198.87105724262 3 5 1
0.0 0.0 0.0 0.0 0 0 1
991.9829884313513 95046.61129604322 94321.15416322481 95198.87105724262 3 5 1
991.9829884313513 653.3423221531169 30.002545619459905 493.15186827399003 3 4 1
991.9829884313513 662.2886543253748 41.36983248147747 815.2016066337741 3 4 1
991.9829884313513 8422.57628499798 7687.744597978793 8555.461491996648 3 4 1
991.9829884313513 5140.571721579647 4286.580819635904 5137.307799491716 3 4 1
991.9829884313513 8422.57628499798 7687.744597978793 8555.461491996648 3 4 1
991.9829884313513 95053.28294642626 94331.16080817644 95198.87770219427 3 4 1
991.9829884313513 56918.995702661574 56272.63054575447 57123.357525610285 3 4 1
991.9829884313513 8422.571301292433 7687.739614273247 8555.456508291134 3 4 1
991.9829884313513 8617.802154738534 7687.759549324187 8555.476443342011 3 4 1
991.9829884313513 5216.638376395567 4286.595770981221 5137.322750837077 3 4 1
800.0 5216.455669344131 4478.396052361136 5137.140043785642 3 4 1
800.0 8617.619447687097 7879.559830704103 8555.293736290574 3 4 1
800.0 5216.455669344131 4478.396052361136 5137.140043785642 3 4 1
800.0 5227.979040120612 4531.765428503684 5091.077352313236 1 1 1
934.4713154402561 6006.0 4397.294113063428 5091.077352313236 1 1 1
991.9829884313513 6006.0 4286.595770981221 5137.322750837077 3 4 1
991.9829884313513 5221.945712205798 4286.595770981221 5137.322750837077 3 4 1
991.9829884313513 5221.945712205798 4286.595770981221 5137.322750837077 3 4 1
991.9829884313513 8623.109490548764 7687.759549324187 8555.476443342011 3 4 1
991.9829884313513 8623.109490548764 7687.759549324187 8555.476443342011 3 4 1
991.9829884313513 8623.09453920337 7687.744597978793 8555.461491996648 3 4 1
991.9829884313513 5221.930760860482 4286.580819635904 5137.307799491716 3 4 1
991.9829884313513 991.9829884313513 30.002545619459905 493.15186827399003 3 4 1
991.9829884313513 1000.9293206036091 41.36983248147747 815.2016066337741 3 4 1
991.9829884313513 991.9829884313513 30.002545619459905 493.15186827399003 3 4 1
991.9829884313513 35660.88097851535 34725.53103729078 35576.258017146545 3 4 1
991.9829884313513 59354.67823529482 58419.32829407024 59287.045188088036 3 4 1
991.9829884313513 59354.67823529482 58419.32829407024 59287.045188088036 3 4 1
1092.8655025782452 56860.67789176394 55812.03804360744 56816.34653344605 3 5 1
1092.8655025782452 34177.95978481166 33129.31993665517 34123.629018998436 3 5 1
1092.8655025782452 8618.713113268828 7570.073265112335 8574.38175495096 3 5 1
1092.8655025782452 5232.780917714612 4184.141069558119 5178.450151901391 3 5 1
1092.8655025782452 1092.8655025782452 26.19818824984539 889.1791646778429 3 5 1
1092.8655025782452 1092.8655025782452 26.19818824984539 567.3285977375214 3 5 1
1768.5848041251982 1768.5848041251982 26.19818824984539 889.1791646778429 3 5 1
1768.5848041251982 8618.713113268828 6894.353963565382 8574.38175495096 3 5 1
6892.8655025782455 8618.713113268828 1770.073265112335 8574.38175495096 3 5 1
534.2924020626039 8618.713113268828 8128.646365627977 8574.38175495096 3 5 1
1092.8655025782452 8618.706048225295 7236.7328667354695 8574.374689907423 3 5 1
1092.8655025782452 8618.698989314638 6570.059141158145 8574.367630996763 3 5 1
1092.8655025782452 0.0 0.0 0.0 0 5 1
1092.8655025782452 0.0 0.0 0.0 0 5 1
1092.8655025782452 8628.03882855431 7246.065647064485 8574.374689907423 3 5 1
1092.8655025782452 8628.031769643654 6579.391921487161 8574.367630996763 3 5 1
1092.8655025782452 8628.031769643654 6579.391921487161 8574.367630996763 3 5 1
1092.8655025782452 8628.031769643654 6579.391921487161 8574.367630996763 3 5 1
1092.8655025782452 1.0 421451.1491022186 8637.74348812907 2 5 1
1092.8655025782452 1.0 421451.1491022186 8637.74348812907 2 5 1
1092.8655025782452 1.0 421451.1491022186 8637.74348812907 2 5 1
1092.8655025782452 1455.209010225323 26.19818824984539 8574.367630996763 3 5 1
1092.8655025782452 1455.209010225323 26.19818824984539 56816.33240949186 3 5 1
1092.8655025782452 1.0 120287.93970479879 56816.33240949186 3 5 1
1092.8655025782452 42948.149198559135 41899.50935040264 56816.19124046392 3 5 1
1092.8655025782452 23947.948495453504 22899.308647297014 56815.99053735828 3 5 1
1092.8655025782452 5805.137336707131 4756.497488550638 56815.593167966406 3 5 1
1092.8655025782452 12437.244392065195 11375.764837786266 56815.593167966406 3 5 1
1092.8655025782452 56860.6708267204 55478.697645230575 56816.33946840252 3 5 1
1092.8655025782452 34177.95271976815 32795.97953827833 34123.6219539549 3 5 1
1092.8655025782452 12437.244392065195 11375.764837786266 56815.593167966406 3 5 1
1092.8655025782452 12437.244392065195 11375.764837786266 56815.593167966406 3 5 1
1032.1472413077645 1302.2167680543166 87.06098915027829 -995579.077694957 7 9 2
1013.0647914243455 1179.7314580910122 94.58064734199134 -1094000.7633109458 6 9 2
1013.0647914243455 1179.7314580910122 94.58064734199134 -1094000.7633109458 6 9 2
1013.0647914243455 1179.7314580910122 94.58064734199134 -1094000.7633109458 6 9 2
1013.0647914243455 1179.7314580910122 94.58064734199134 -1094000.7633109458 6 9 2
1013.0647914243455 1179.7314580910122 94.58064734199134 -1094000.7633109458 6 9 2
