0.0 1
105443.18265312437 1
0.0 1
6256.521241546039 1
0.0 1
6256.521241546039 1
6256.521241546039 1
6256.521241546039 1
6387.361470497467 1
500.0 1
500.0 1
76.03866251168294 1
7484.645350946373 1
7484.645350946373 1
7030.986969307697 1
8432.78164654812 1
41.94304 1
57.25557841269841 1
57.25557841269841 1
0.0 1
0.0 1
195.83226027314012 1
0.0 1
0.0 1
0.0 1
0.0 1
0.0 1
0.0 1
0.0 1
203.7071222839127 0
203.7071222839127 0
49.057188281179144 1
49.057188281179144 1
0.0 1
56.38269009904542 1
56.38269009904542 1
26.19818824984539 1
26.19818824984539 1
26.19818824984539 1
17178.51476083601 1
17178.51476083601 1
17178.51476083601 1
17178.51476083601 1
17178.51476083601 1
87841.98387915078 1
87841.98387915078 1
4627.5262808407815 1
4627.5262808407815 1
87841.98387915078 1
0.0 1
94321.15416322481 1
0.0 1
94321.15416322481 1
30.002545619459905 1
41.36983248147747 1
7687.744597978793 1
4286.580819635904 1
7687.744597978793 1
94331.16080817644 1
56272.63054575447 1
7687.739614273247 1
7687.759549324187 1
4286.595770981221 1
4478.396052361136 1
7879.559830704103 1
4478.396052361136 1
4531.765428503684 1
4397.294113063428 1
4286.595770981221 1
4286.595770981221 1
4286.595770981221 1
7687.759549324187 1
7687.759549324187 1
7687.744597978793 1
4286.580819635904 1
30.002545619459905 1
41.36983248147747 1
30.002545619459905 1
34725.53103729078 1
58419.32829407024 1
58419.32829407024 1
55812.03804360744 1
33129.31993665517 1
7570.073265112335 1
4184.141069558119 1
26.19818824984539 1
26.19818824984539 1
26.19818824984539 1
6894.353963565382 1
1770.073265112335 1
8128.646365627977 1
7236.7328667354695 1
6570.059141158145 1
0.0 1
0.0 1
7246.065647064485 1
6579.391921487161 1
6579.391921487161 1
6579.391921487161 1
421451.1491022186 1
421451.1491022186 1
421451.1491022186 1
26.19818824984539 1
26.19818824984539 1
120287.93970479879 1
41899.50935040264 1
22899.308647297014 1
4756.497488550638 1
11375.764837786266 1
55478.697645230575 1
32795.97953827833 1
11375.764837786266 1
11375.764837786266 1
