500.0 1
203.08340727595387 1
76.03866251168294 1
56.38269009904542 1
0.0 1
0.0 1
303.90021420541336 1
687.6249980480255 1
148.1476420140505 1
134.71619833796674 1
313.14184428453854 1
272.2757923148301 1
313.14184428453854 1
150.1729760765292 1
811.6695820910003 1
1811.684532544692 1
478.3312653514634 1
531.7056250321912 1
397.234309591935 1
148.1476420140505 1
148.1476420140505 1
619.8693007110851 1
1020.9882295199204 1
1687.639946960301 1
1953.197650638215 1
30.002545619459905 1
41.36983248147747 1
30.002545619459905 1
1725.02288893455 1
1418.4617359142478 1
12108.88095808327 1
8462.391976320485 1
4903.374218031521 1
4184.145227207239 1
26.19818824984539 1
26.19818824984539 1
4227.654916484568 1
26.19818824984539 1
26.19818824984539 1
3795.2624210769814 1
3236.68932056134 1
3236.68932056134 1
0.0 1
0.0 1
0.0 1
0.0 1
10828.25523043286 1
12673.480230204354 1
9340.105515019939 1
5340.055896428666 1
4756.497488550638 1
4756.497488550638 1
11375.764837786266 1
10775.53106390222 1
7081.971026308628 1
9161.567868508522 1
9828.242812145761 1
10775.53106390222 1
0.0 1
0.0 1
0.0 1
0.0 1
0.0 1
0.0 1
26.19818824984539 1
26.19818824984539 1
267.05238825247824 1
