0.0 1
12278.980048482681 1
11856.807173267089 1
12508.263876513623 1
12142.505757938798 1
12508.263876513623 1
12508.263876513623 1
12508.263876513623 1
12183.060498118484 1
1163.3388519350267 1
1163.3388519350267 1
1163.3388519350267 1
12183.060498118484 1
12183.060498118484 1
12142.505757938798 1
12142.505757938798 1
1016.7972038139296 1
1386.5033623832146 1
1386.5033623832146 1
0.0 1
0.0 1
1388.949025536603 1
0.0 1
0.0 1
0.0 1
0.0 1
0.0 1
0.0 1
0.0 1
1100.577953603871 0
1100.577953603871 0
1107.2025740282638 1
1107.2025740282638 1
0.0 1
921.348705305941 1
921.348705305941 1
889.1791646778429 1
889.1791646778429 1
889.1791646778429 1
18181.928954570754 1
18181.928954570754 1
18181.928954570754 1
18181.928954570754 1
18181.928954570754 1
88845.39807288548 1
88845.39807288548 1
5630.940474575525 1
5630.940474575525 1
88845.39807288548 1
0.0 1
95198.87105724262 1
0.0 1
95198.87105724262 1
493.15186827399003 1
815.2016066337741 1
8555.461491996648 1
5137.307799491716 1
8555.461491996648 1
95198.87770219427 1
57123.357525610285 1
8555.456508291134 1
8555.476443342011 1
5137.322750837077 1
5137.140043785642 1
8555.293736290574 1
5137.140043785642 1
5091.077352313236 1
5091.077352313236 1
5137.322750837077 1
5137.322750837077 1
5137.322750837077 1
8555.476443342011 1
8555.476443342011 1
8555.461491996648 1
5137.307799491716 1
493.15186827399003 1
815.2016066337741 1
493.15186827399003 1
35576.258017146545 1
59287.045188088036 1
59287.045188088036 1
56816.34653344605 1
34123.629018998436 1
8574.38175495096 1
5178.450151901391 1
889.1791646778429 1
567.3285977375214 1
889.1791646778429 1
8574.38175495096 1
8574.38175495096 1
8574.38175495096 1
8574.374689907423 1
8574.367630996763 1
0.0 1
0.0 1
8574.374689907423 1
8574.367630996763 1
8574.367630996763 1
8574.367630996763 1
8637.74348812907 1
8637.74348812907 1
8637.74348812907 1
8574.367630996763 1
56816.33240949186 1
56816.33240949186 1
56816.19124046392 1
56815.99053735828 1
56815.593167966406 1
56815.593167966406 1
56816.33946840252 1
34123.6219539549 1
56815.593167966406 1
56815.593167966406 1
-995579.077694957 2
-1094000.7633109458 2
-1094000.7633109458 2
-1094000.7633109458 2
-1094000.7633109458 2
-1094000.7633109458 2
