1163.3388519350267 1
1163.3388519350267 1
1163.3388519350267 1
921.348705305941 1
0.0 1
5137.233047236846 1
8555.341892065799 1
5137.252980454902 1
8555.356840978113 1
5137.070273403467 1
8555.174133926675 1
5137.070273403467 1
5137.065290031035 1
5137.080240182095 1
5137.095190635812 1
5137.075256775898 1
5091.017548841722 1
5091.017548841722 1
5137.252980454902 1
5137.252980454902 1
5137.262947233531 1
8555.3717902044 1
8555.356840978113 1
5137.257963827334 1
493.15186827399003 1
815.2016066337741 1
493.15186827399003 1
35575.74986879031 1
59286.178629932016 1
56815.88396530601 1
34123.36772533039 1
8574.349374536827 1
5178.454309550505 1
889.1862355823545 1
567.3356686420329 1
8574.349374536827 1
8574.349374536827 1
8574.331143733289 1
8574.331143733289 1
8574.331143733289 1
8574.331143733289 1
0.0 1
0.0 1
0.0 1
0.0 1
56815.86009743582 1
56815.86009743582 1
56815.79959737951 1
56815.7223413994 1
56815.48105269321 1
56815.17918494605 1
56815.17918494605 1
56815.86009743582 1
34123.349944713635 1
56815.82977554217 1
56815.84044661309 1
56815.86009743582 1
0.0 1
0.0 1
0.0 1
0.0 1
0.0 1
0.0 1
889.1862355823545 1
889.1862355823545 1
1170.8600321694353 1
