0.0 1
113827.00149524985 1
0.0 1
21892.969000429213 1
0.0 1
21892.969000429213 1
21892.969000429213 1
21892.969000429213 1
12743.485179903792 1
5374.8967976567465 1
3624.896797656746 1
3709.9396400694386 1
12353.314109909916 1
12353.314109909916 1
12240.068320346152 1
12240.068320346152 1
5976.41435544024 1
5991.7268938529305 1
5991.7268938529305 1
0.0 1
0.0 1
2003.1941733554413 1
0.0 1
0.0 1
0.0 1
0.0 1
0.0 1
0.0 1
0.0 1
1082.8963740545096 0
999.3387996352485 0
1164.2135107882773 1
1164.2135107882773 1
982.9625099620304 1
1439.9116384800072 1
1439.9116384800072 1
1004.5 1
1092.8655025782452 1
1092.8655025782452 1
18227.1546089925 1
18227.1546089925 1
18227.1546089925 1
18227.1546089925 1
18227.1546089925 1
88890.62372730726 1
88890.62372730726 1
5676.1661289972735 1
5676.1661289972735 1
88890.62372730726 1
0.0 1
95046.61129604322 1
0.0 1
95046.61129604322 1
653.3423221531169 1
662.2886543253748 1
8422.57628499798 1
5140.571721579647 1
8422.57628499798 1
95053.28294642626 1
56918.995702661574 1
8422.571301292433 1
8617.802154738534 1
5216.638376395567 1
5216.455669344131 1
8617.619447687097 1
5216.455669344131 1
5227.979040120612 1
6006.0 1
6006.0 1
5221.945712205798 1
5221.945712205798 1
8623.109490548764 1
8623.109490548764 1
8623.09453920337 1
5221.930760860482 1
991.9829884313513 1
1000.9293206036091 1
991.9829884313513 1
35660.88097851535 1
59354.67823529482 1
59354.67823529482 1
56860.67789176394 1
34177.95978481166 1
8618.713113268828 1
5232.780917714612 1
1092.8655025782452 1
1092.8655025782452 1
1768.5848041251982 1
8618.713113268828 1
8618.713113268828 1
8618.713113268828 1
8618.706048225295 1
8618.698989314638 1
0.0 1
0.0 1
8628.03882855431 1
8628.031769643654 1
8628.031769643654 1
8628.031769643654 1
1.0 1
1.0 1
1.0 1
1455.209010225323 1
1455.209010225323 1
1.0 1
42948.149198559135 1
23947.948495453504 1
5805.137336707131 1
12437.244392065195 1
56860.6708267204 1
34177.95271976815 1
12437.244392065195 1
12437.244392065195 1
1302.2167680543166 2
1179.7314580910122 2
1179.7314580910122 2
1179.7314580910122 2
1179.7314580910122 2
1179.7314580910122 2
