3624.896797656746 1
3624.896797656746 1
3709.9396400694386 1
1439.9116384800072 1
0.0 1
0.0 1
5163.103793561207 1
8448.263414374922 1
5371.82593965773 1
8557.692177155715 1
5339.83210049882 1
8503.403505470487 1
5339.83210049882 1
5529.218352472216 1
5140.493835758903 1
5169.27720048948 1
5216.390882334458 1
5227.919236649119 1
6006.0 1
6100.833095062912 1
5424.439631311204 1
5221.885908602329 1
8623.004837411165 1
8622.989888184879 1
5221.880925196126 1
991.9829884313513 1
1000.9293206036091 1
991.9829884313513 1
35660.372830159125 1
59353.81167713882 1
57834.17391100167 1
34177.698491143645 1
8618.68073285468 1
5232.785075363732 1
1092.8655025782452 1
1092.8655025782452 1
8618.68073285468 1
9559.532169244912 1
11226.198835911578 1
8618.662502051166 1
8618.662502051166 1
8618.662502051166 1
0.0 1
0.0 1
0.0 1
0.0 1
330.3664006853748 1
13722.120078360846 1
10388.745363176431 1
6388.6957445851585 1
5805.137336707131 1
5805.137336707131 1
12437.244392065195 1
58834.15735015395 1
34473.9306458937 1
10220.194154760256 1
10886.869098397496 1
58834.15735015395 1
0.0 1
0.0 1
0.0 1
0.0 1
0.0 1
0.0 1
1092.8655025782452 1
1092.8655025782452 1
1254.127224098697 1
