1065.0269182238637 1
1065.0269182238637 1
1065.0269182238637 1
1026.7478018375405 1
0.0 1
991.9829884313513 1
991.9829884313513 1
991.9829884313513 1
991.9829884313513 1
991.9829884313513 1
800.0 1
800.0 1
800.0 1
800.0 1
800.0 1
800.0 1
800.0 1
800.0 1
934.4713154402561 1
991.9829884313513 1
991.9829884313513 1
991.9829884313513 1
991.9829884313513 1
991.9829884313513 1
991.9829884313513 1
991.9829884313513 1
991.9829884313513 1
991.9829884313513 1
991.9829884313513 1
991.9829884313513 1
1092.8655025782452 1
1092.8655025782452 1
1092.8655025782452 1
1092.8655025782452 1
1092.8655025782452 1
1092.8655025782452 1
1768.5848041251982 1
6892.8655025782455 1
6892.8655025782455 1
534.2924020626039 1
1092.8655025782452 1
1092.8655025782452 1
1092.8655025782452 1
1092.8655025782452 1
1092.8655025782452 1
1092.8655025782452 1
1092.8655025782452 1
1092.8655025782452 1
1092.8655025782452 1
1092.8655025782452 1
1092.8655025782452 1
1092.8655025782452 1
1092.8655025782452 1
1092.8655025782452 1
1092.8655025782452 1
1092.8655025782452 1
1092.8655025782452 1
1092.8655025782452 1
0.0 1
0.0 1
0.0 1
0.0 1
0.0 1
0.0 1
1092.8655025782452 1
1092.8655025782452 1
1008.6060591720117 1
