0.0 1
1028.107194006719 1
1065.0269182238637 1
1065.0269182238637 1
1065.0269182238637 1
1065.0269182238637 1
1065.0269182238637 1
1065.0269182238637 1
1065.0269182238637 1
1065.0269182238637 1
1065.0269182238637 1
1065.0269182238637 1
1065.0269182238637 1
1065.0269182238637 1
1040.3509128881026 1
1040.3509128881026 1
934.4713154402561 1
934.4713154402561 1
934.4713154402561 1
0.0 1
0.0 1
1140.6952464156202 1
0.0 1
0.0 1
0.0 1
0.0 1
0.0 1
0.0 1
0.0 1
1112.0066974431859 0
1112.0066974431859 0
1079.5214176677819 1
1079.5214176677819 1
0.0 1
1026.7478018375405 1
1026.7478018375405 1
1092.8655025782452 1
1092.8655025782452 1
1092.8655025782452 1
1092.8655025782452 1
1092.8655025782452 1
1092.8655025782452 1
1092.8655025782452 1
1092.8655025782452 1
1092.8655025782452 1
1092.8655025782452 1
1092.8655025782452 1
1092.8655025782452 1
1092.8655025782452 1
0.0 1
991.9829884313513 1
0.0 1
991.9829884313513 1
991.9829884313513 1
991.9829884313513 1
991.9829884313513 1
991.9829884313513 1
991.9829884313513 1
991.9829884313513 1
991.9829884313513 1
991.9829884313513 1
991.9829884313513 1
991.9829884313513 1
800.0 1
800.0 1
800.0 1
800.0 1
934.4713154402561 1
991.9829884313513 1
991.9829884313513 1
991.9829884313513 1
991.9829884313513 1
991.9829884313513 1
991.9829884313513 1
991.9829884313513 1
991.9829884313513 1
991.9829884313513 1
991.9829884313513 1
991.9829884313513 1
991.9829884313513 1
991.9829884313513 1
1092.8655025782452 1
1092.8655025782452 1
1092.8655025782452 1
1092.8655025782452 1
1092.8655025782452 1
1092.8655025782452 1
1768.5848041251982 1
1768.5848041251982 1
6892.8655025782455 1
534.2924020626039 1
1092.8655025782452 1
1092.8655025782452 1
1092.8655025782452 1
1092.8655025782452 1
1092.8655025782452 1
1092.8655025782452 1
1092.8655025782452 1
1092.8655025782452 1
1092.8655025782452 1
1092.8655025782452 1
1092.8655025782452 1
1092.8655025782452 1
1092.8655025782452 1
1092.8655025782452 1
1092.8655025782452 1
1092.8655025782452 1
1092.8655025782452 1
1092.8655025782452 1
1092.8655025782452 1
1092.8655025782452 1
1092.8655025782452 1
1092.8655025782452 1
1032.1472413077645 2
1013.0647914243455 2
1013.0647914243455 2
1013.0647914243455 2
1013.0647914243455 2
1013.0647914243455 2
